##TITLE= Parameter file, TOPSPIN		Version 3.2
##JCAMPDX= 5.0
##DATATYPE= Parameter Values
##NPOINTS= 8	$$ modification sequence number
##ORIGIN= Bruker BioSpin GmbH
##OWNER= hashim
$$ 2015-03-13 08:32:54.273 -0400  hashim@CZC3510JM8
$$ C:/Bruker/TopSpin3.2/hashimi/ijk-031215-dul-a-HenryXY2/7/pdata/1/clevels
$$ process C:\Bruker\TopSpin3.2\prog\mod\dataserver.exe
##$LEVELS= (0..255)
-1921272.73055271 -1067373.73919595 -592985.410664417 -329436.33925801
-183020.188476672 -101677.88248704 -56487.7124928 -31382.062496 31382.062496
56487.7124928 101677.88248704 183020.188476672 329436.33925801 592985.410664417
1067373.73919595 1921272.73055271 0 0 0 0 0 0 0 0 0 0 0 0 0 0 0 0 0 0 0
0 0 0 0 0 0 0 0 0 0 0 0 0 0 0 0 0 0 0 0 0 0 0 0 0 0 0 0 0 0 0 0 0 0 0 0
0 0 0 0 0 0 0 0 0 0 0 0 0 0 0 0 0 0 0 0 0 0 0 0 0 0 0 0 0 0 0 0 0 0 0 0
0 0 0 0 0 0 0 0 0 0 0 0 0 0 0 0 0 0 0 0 0 0 0 0 0 0 0 0 0 0 0 0 0 0 0 0
0 0 0 0 0 0 0 0 0 0 0 0 0 0 0 0 0 0 0 0 0 0 0 0 0 0 0 0 0 0 0 0 0 0 0 0
0 0 0 0 0 0 0 0 0 0 0 0 0 0 0 0 0 0 0 0 0 0 0 0 0 0 0 0 0 0 0 0 0 0 0 0
0 0 0 0 0 0 0 0 0 0 0 0 0 0 0 0 0 0 0 0 0 0 0 0 0 0 0 0 0 0 0 0 0 0 0 0
0 0 0 0 0
##$LEVSIGN= 3
##$MAXLEV= 8
##$METHOD= 0
##$NEGBASE= -31382.062496
##$NEGINCR= 1.8
##$POSBASE= 31382.062496
##$POSINCR= 1.8
##END=
