##TITLE= Parameter file, TOPSPIN		Version 3.1
##JCAMPDX= 5.0
##DATATYPE= Parameter Values
##NPOINTS= 8	$$ modification sequence number
##ORIGIN= Bruker BioSpin GmbH
##OWNER= hashimi
$$ 2016-06-22 16:41:34.396 -0400  hashimi@EP-10018760
$$ /opt/topspin3.1/hashimi/Henry-062116-ACACGTAT-Echin-pH6.8-25C/108/pdata/1/clevels
$$ process /opt/topspin3.1/prog/mod/dataserver
##$LEVELS= (0..255)
-5787400.14324018 -3215222.3018001 -1786234.61211117 -992352.562283981
-551306.979046656 -306281.65502592 -170156.4750144 -94531.375008 94531.375008
170156.4750144 306281.65502592 551306.979046656 992352.562283981 1786234.61211117
3215222.3018001 5787400.14324018 0 0 0 0 0 0 0 0 0 0 0 0 0 0 0 0 0 0 0
0 0 0 0 0 0 0 0 0 0 0 0 0 0 0 0 0 0 0 0 0 0 0 0 0 0 0 0 0 0 0 0 0 0 0 0
0 0 0 0 0 0 0 0 0 0 0 0 0 0 0 0 0 0 0 0 0 0 0 0 0 0 0 0 0 0 0 0 0 0 0 0
0 0 0 0 0 0 0 0 0 0 0 0 0 0 0 0 0 0 0 0 0 0 0 0 0 0 0 0 0 0 0 0 0 0 0 0
0 0 0 0 0 0 0 0 0 0 0 0 0 0 0 0 0 0 0 0 0 0 0 0 0 0 0 0 0 0 0 0 0 0 0 0
0 0 0 0 0 0 0 0 0 0 0 0 0 0 0 0 0 0 0 0 0 0 0 0 0 0 0 0 0 0 0 0 0 0 0 0
0 0 0 0 0 0 0 0 0 0 0 0 0 0 0 0 0 0 0 0 0 0 0 0 0 0 0 0 0 0 0 0 0 0 0 0
0 0 0 0 0
##$LEVSIGN= 3
##$MAXLEV= 8
##$METHOD= 0
##$NEGBASE= -94531.375008
##$NEGINCR= 1.8
##$POSBASE= 94531.375008
##$POSINCR= 1.8
##END=
