Date : 10/3/2019	Time : 10:28:45	
C:\UVWINLAB\DNA61U1.SP	
15.00	0.6214
15.20	0.6214
15.40	0.6213
15.60	0.6212
15.80	0.6214
16.00	0.6211
16.20	0.6214
16.40	0.6215
16.60	0.6213
16.80	0.6213
17.00	0.6214
17.20	0.6213
17.40	0.6213
17.60	0.6214
17.80	0.6213
18.00	0.6214
18.20	0.6213
18.40	0.6213
18.60	0.6214
18.80	0.6215
19.00	0.6215
19.20	0.6217
19.40	0.6216
19.60	0.6218
19.80	0.6218
20.00	0.6218
20.20	0.6219
20.40	0.6221
20.60	0.6220
20.80	0.6221
21.00	0.6222
21.20	0.6222
21.40	0.6224
21.60	0.6225
21.80	0.6225
22.00	0.6226
22.20	0.6227
22.40	0.6229
22.60	0.6229
22.80	0.6231
23.00	0.6231
23.20	0.6232
23.40	0.6234
23.60	0.6236
23.80	0.6238
24.00	0.6237
24.20	0.6240
24.40	0.6240
24.60	0.6242
24.80	0.6245
25.00	0.6245
25.20	0.6247
25.40	0.6250
25.60	0.6251
25.80	0.6252
26.00	0.6253
26.20	0.6257
26.40	0.6258
26.60	0.6260
26.80	0.6262
27.00	0.6265
27.20	0.6270
27.40	0.6271
27.60	0.6274
27.80	0.6276
28.00	0.6278
28.20	0.6281
28.40	0.6284
28.60	0.6288
28.80	0.6291
29.00	0.6294
29.20	0.6297
29.40	0.6301
29.60	0.6304
29.80	0.6306
30.00	0.6309
30.20	0.6314
30.40	0.6318
30.60	0.6319
30.80	0.6323
31.00	0.6324
31.20	0.6329
31.40	0.6333
31.60	0.6336
31.80	0.6340
32.00	0.6342
32.20	0.6346
32.50	0.6348
32.70	0.6351
33.00	0.6355
33.20	0.6360
33.50	0.6364
33.70	0.6368
34.00	0.6372
34.20	0.6374
34.50	0.6377
34.70	0.6381
35.00	0.6385
35.20	0.6389
35.50	0.6393
35.70	0.6397
36.00	0.6403
36.20	0.6404
36.50	0.6408
36.70	0.6412
37.00	0.6416
37.20	0.6421
37.50	0.6424
37.70	0.6426
38.00	0.6428
38.20	0.6433
38.50	0.6439
38.70	0.6443
39.00	0.6448
39.20	0.6450
39.50	0.6455
39.70	0.6458
40.00	0.6465
40.20	0.6468
40.50	0.6474
40.70	0.6474
41.00	0.6484
41.20	0.6489
41.50	0.6493
41.70	0.6494
42.00	0.6501
42.20	0.6503
42.50	0.6511
42.70	0.6511
43.00	0.6518
43.20	0.6520
43.50	0.6522
43.70	0.6526
44.00	0.6535
44.20	0.6539
44.50	0.6545
44.70	0.6545
45.00	0.6555
45.20	0.6559
45.50	0.6566
45.70	0.6570
46.00	0.6575
46.20	0.6583
46.50	0.6588
46.70	0.6588
47.00	0.6597
47.20	0.6602
47.50	0.6608
47.70	0.6613
48.00	0.6620
48.20	0.6626
48.50	0.6630
48.70	0.6630
49.00	0.6641
49.20	0.6647
49.50	0.6652
49.70	0.6657
50.00	0.6664
50.20	0.6669
50.50	0.6675
50.70	0.6675
51.00	0.6688
51.20	0.6690
51.50	0.6700
51.70	0.6708
52.00	0.6712
52.20	0.6719
52.50	0.6725
52.70	0.6725
53.00	0.6731
53.20	0.6735
53.50	0.6745
53.70	0.6748
54.00	0.6758
54.20	0.6766
54.50	0.6776
54.70	0.6776
55.00	0.6790
55.20	0.6797
55.50	0.6805
55.70	0.6806
56.00	0.6814
56.20	0.6818
56.50	0.6828
56.70	0.6828
57.00	0.6841
57.20	0.6846
57.50	0.6854
57.70	0.6861
58.00	0.6868
58.20	0.6874
58.50	0.6881
58.70	0.6881
59.00	0.6893
59.20	0.6898
59.50	0.6906
59.70	0.6912
60.00	0.6921
60.20	0.6925
60.50	0.6930
60.70	0.6930
61.00	0.6945
61.20	0.6949
61.50	0.6955
61.70	0.6961
62.00	0.6969
62.20	0.6974
62.50	0.6981
62.70	0.6981
63.00	0.6991
63.20	0.6997
63.50	0.7002
63.70	0.7008
64.00	0.7014
64.20	0.7019
64.40	0.7023
64.70	0.7029
64.90	0.7034
65.20	0.7040
65.40	0.7044
65.70	0.7051
65.90	0.7055
66.20	0.7061
66.40	0.7067
66.70	0.7070
66.90	0.7076
67.20	0.7081
67.40	0.7086
67.70	0.7091
67.90	0.7091
68.20	0.7103
68.40	0.7112
68.70	0.7121
68.90	0.7119
69.20	0.7125
69.40	0.7126
69.70	0.7128
69.90	0.7128
70.20	0.7135
70.40	0.7137
70.70	0.7142
70.90	0.7147
71.20	0.7151
71.40	0.7151
71.70	0.7158
71.90	0.7158
72.20	0.7165
72.40	0.7166
72.70	0.7168
72.90	0.7170
73.20	0.7172
73.40	0.7176
73.70	0.7179
73.90	0.7179
74.20	0.7183
74.40	0.7185
74.70	0.7190
74.90	0.7192
75.20	0.7195
75.40	0.7196
75.70	0.7200
75.90	0.7200
76.20	0.7205
76.40	0.7208
76.70	0.7211
76.90	0.7213
77.20	0.7216
77.40	0.7218
77.70	0.7216
77.90	0.7216
78.20	0.7225
78.40	0.7229
78.70	0.7232
78.90	0.7234
79.20	0.7238
79.40	0.7239
79.70	0.7243
79.90	0.7243
80.20	0.7248
80.40	0.7252
80.70	0.7254
80.90	0.7253
81.20	0.7257
81.40	0.7259
81.70	0.7263
81.90	0.7263
82.20	0.7270
82.40	0.7272
82.70	0.7274
82.90	0.7278
83.20	0.7280
83.40	0.7281
83.70	0.7285
83.90	0.7285
84.20	0.7291
84.40	0.7293
84.70	0.7296
84.90	0.7299
85.20	0.7298
85.40	0.7299
85.70	0.7303
85.90	0.7303
86.20	0.7310
86.40	0.7311
86.70	0.7312
86.90	0.7317
87.20	0.7316
87.40	0.7319
87.70	0.7319
87.90	0.7319
88.20	0.7323
88.40	0.7324
88.70	0.7326
88.90	0.7329
89.20	0.7334
89.40	0.7336
89.70	0.7337
89.90	0.7337
90.20	0.7338
90.40	0.7341
90.70	0.7342
90.90	0.7343
91.20	0.7344
91.40	0.7344
91.70	0.7347
91.90	0.7347
92.20	0.7347
92.40	0.7348
92.70	0.7350
92.90	0.7352
93.20	0.7354
93.40	0.7355
93.70	0.7358
93.90	0.7358
94.20	0.7363
94.40	0.7365
94.70	0.7370
94.90	0.7369
95.20	0.7371
95.40	0.7372
95.70	0.7375
95.90	0.7375
96.20	0.7381
96.40	0.7383
96.70	0.7386
96.90	0.7383
