Date : 10/17/2019	Time : 23:30:30	
C:\UVWINLAB\DNA141U1.SP	
15.00	0.6080
15.20	0.6080
15.40	0.6079
15.60	0.6082
15.90	0.6083
16.10	0.6083
16.30	0.6083
16.50	0.6085
16.70	0.6085
16.90	0.6084
17.10	0.6084
17.30	0.6085
17.50	0.6085
17.70	0.6086
17.90	0.6087
18.10	0.6087
18.30	0.6087
18.50	0.6088
18.70	0.6088
18.90	0.6088
19.10	0.6089
19.30	0.6089
19.50	0.6089
19.70	0.6091
19.90	0.6088
20.10	0.6090
20.30	0.6089
20.50	0.6091
20.70	0.6091
20.90	0.6091
21.10	0.6090
21.30	0.6092
21.50	0.6092
21.70	0.6093
21.90	0.6093
22.10	0.6091
22.30	0.6091
22.50	0.6092
22.70	0.6092
22.90	0.6094
23.10	0.6095
23.30	0.6095
23.50	0.6095
23.70	0.6096
23.90	0.6096
24.10	0.6099
24.30	0.6099
24.50	0.6098
24.70	0.6098
24.90	0.6100
25.10	0.6101
25.30	0.6100
25.50	0.6100
25.70	0.6102
25.90	0.6102
26.10	0.6104
26.30	0.6104
26.50	0.6106
26.70	0.6106
26.90	0.6109
27.10	0.6108
27.30	0.6109
27.50	0.6109
27.70	0.6111
27.90	0.6111
28.10	0.6112
28.30	0.6112
28.50	0.6114
28.70	0.6114
28.90	0.6113
29.10	0.6113
29.30	0.6117
29.50	0.6117
29.70	0.6119
29.90	0.6119
30.10	0.6123
30.30	0.6123
30.50	0.6124
30.70	0.6124
30.90	0.6126
31.10	0.6126
31.30	0.6129
31.50	0.6130
31.70	0.6130
31.90	0.6130
32.10	0.6133
32.40	0.6134
32.60	0.6136
32.90	0.6140
33.10	0.6140
33.40	0.6144
33.60	0.6145
33.90	0.6147
34.10	0.6150
34.40	0.6152
34.60	0.6153
34.90	0.6156
35.10	0.6156
35.40	0.6161
35.60	0.6163
35.90	0.6166
36.10	0.6169
36.40	0.6173
36.60	0.6176
36.90	0.6180
37.10	0.6180
37.40	0.6184
37.60	0.6187
37.90	0.6193
38.10	0.6195
38.40	0.6199
38.60	0.6203
38.90	0.6208
39.10	0.6208
39.40	0.6217
39.60	0.6219
39.90	0.6224
40.10	0.6228
40.40	0.6234
40.60	0.6239
40.90	0.6245
41.10	0.6245
41.40	0.6257
41.60	0.6262
41.90	0.6268
42.10	0.6273
42.40	0.6281
42.60	0.6287
42.90	0.6293
43.10	0.6293
43.40	0.6310
43.60	0.6315
43.90	0.6324
44.10	0.6332
44.40	0.6343
44.60	0.6347
44.90	0.6357
45.10	0.6357
45.40	0.6374
45.60	0.6384
45.90	0.6398
46.10	0.6400
46.40	0.6416
46.60	0.6423
46.90	0.6435
47.10	0.6435
47.40	0.6456
47.60	0.6470
47.90	0.6479
48.10	0.6491
48.40	0.6505
48.60	0.6516
48.90	0.6528
49.10	0.6528
49.40	0.6553
49.60	0.6560
49.90	0.6574
50.10	0.6582
50.40	0.6598
50.60	0.6608
50.90	0.6625
51.10	0.6625
51.40	0.6654
51.60	0.6663
51.90	0.6676
52.10	0.6686
52.40	0.6697
52.60	0.6709
52.90	0.6722
53.10	0.6722
53.40	0.6745
53.60	0.6751
53.90	0.6764
54.10	0.6773
54.40	0.6783
54.60	0.6791
54.90	0.6801
55.10	0.6801
55.40	0.6819
55.60	0.6824
55.90	0.6836
56.10	0.6841
56.40	0.6853
56.60	0.6862
56.90	0.6868
57.10	0.6868
57.40	0.6883
57.60	0.6888
57.90	0.6896
58.10	0.6898
58.40	0.6905
58.60	0.6908
58.90	0.6914
59.10	0.6914
59.40	0.6922
59.60	0.6928
59.90	0.6931
60.10	0.6935
60.40	0.6939
60.60	0.6942
60.90	0.6949
61.10	0.6949
61.40	0.6957
61.60	0.6959
61.90	0.6966
62.10	0.6965
62.40	0.6971
62.60	0.6971
62.90	0.6976
63.10	0.6976
63.40	0.6984
63.60	0.6985
63.90	0.6987
64.10	0.6990
64.30	0.6993
64.50	0.6995
64.70	0.6995
64.90	0.7000
65.20	0.7005
65.40	0.7009
65.70	0.7011
65.90	0.7014
66.20	0.7017
66.40	0.7017
66.70	0.7019
66.90	0.7021
67.20	0.7023
67.40	0.7026
67.70	0.7027
67.90	0.7027
68.20	0.7034
68.40	0.7035
68.70	0.7038
68.90	0.7041
69.20	0.7045
69.40	0.7046
69.70	0.7049
69.90	0.7049
70.20	0.7052
70.40	0.7062
70.70	0.7065
70.90	0.7064
71.20	0.7070
71.40	0.7071
71.70	0.7071
71.90	0.7071
72.20	0.7071
72.40	0.7074
72.70	0.7075
72.90	0.7078
73.20	0.7081
73.40	0.7082
73.70	0.7084
73.90	0.7084
74.20	0.7088
74.40	0.7089
74.70	0.7091
74.90	0.7094
75.20	0.7095
75.40	0.7097
75.70	0.7100
75.90	0.7100
76.20	0.7103
76.40	0.7107
76.70	0.7109
76.90	0.7109
77.20	0.7110
77.40	0.7111
77.70	0.7113
77.90	0.7113
78.20	0.7117
78.40	0.7119
78.70	0.7122
78.90	0.7129
79.20	0.7133
79.40	0.7134
79.70	0.7140
79.90	0.7140
80.20	0.7138
80.40	0.7139
80.70	0.7139
80.90	0.7141
81.20	0.7145
81.40	0.7145
81.70	0.7147
81.90	0.7147
82.20	0.7150
82.40	0.7153
82.70	0.7157
82.90	0.7159
83.20	0.7159
83.40	0.7161
83.70	0.7164
83.90	0.7164
84.20	0.7167
84.40	0.7166
84.70	0.7169
84.90	0.7172
85.20	0.7173
85.40	0.7174
85.70	0.7177
85.90	0.7177
86.20	0.7182
86.40	0.7186
86.70	0.7189
86.90	0.7189
87.20	0.7190
87.40	0.7192
87.70	0.7193
87.90	0.7193
88.20	0.7196
88.40	0.7198
88.70	0.7197
88.90	0.7198
89.20	0.7200
89.40	0.7201
89.70	0.7206
89.90	0.7206
90.20	0.7207
90.40	0.7210
90.70	0.7212
90.90	0.7213
91.20	0.7215
91.40	0.7214
91.70	0.7216
91.90	0.7216
92.20	0.7217
92.40	0.7221
92.70	0.7221
92.90	0.7222
93.20	0.7225
93.40	0.7225
93.70	0.7227
93.90	0.7227
94.20	0.7231
94.40	0.7231
94.70	0.7231
94.90	0.7233
95.00	0.7235
Date : 10/18/2019	Time : 01:10:58	


Date : 10/18/2019	Time : 01:10:58	
C:\UVWINLAB\DNA141D1.SP	
