##TITLE= Parameter file, TOPSPIN		Version 3.2
##JCAMPDX= 5.0
##DATATYPE= Parameter Values
##NPOINTS= 8	$$ modification sequence number
##ORIGIN= Bruker BioSpin GmbH
##OWNER= hashim
$$ 2020-07-06 15:46:27.274 -0400  hashim@CZC3510JM8
$$ C:/Bruker/TopSpin3.2/hashimi/hs_20200706_scaf2-TGC_low_5.4_HSQC_30C/102/pdata/1/clevels
$$ process C:\Bruker\TopSpin3.2\prog\mod\dataserver.exe
##$LEVELS= (0..255)
-5019780.49153027 -2788766.93973904 -1549314.96652169 -860730.536956493
-478183.631642496 -265657.57313472 -147587.5406304 -81993.078128 81993.078128
147587.5406304 265657.57313472 478183.631642496 860730.536956493 1549314.96652169
2788766.93973904 5019780.49153027 0 0 0 0 0 0 0 0 0 0 0 0 0 0 0 0 0 0 0
0 0 0 0 0 0 0 0 0 0 0 0 0 0 0 0 0 0 0 0 0 0 0 0 0 0 0 0 0 0 0 0 0 0 0 0
0 0 0 0 0 0 0 0 0 0 0 0 0 0 0 0 0 0 0 0 0 0 0 0 0 0 0 0 0 0 0 0 0 0 0 0
0 0 0 0 0 0 0 0 0 0 0 0 0 0 0 0 0 0 0 0 0 0 0 0 0 0 0 0 0 0 0 0 0 0 0 0
0 0 0 0 0 0 0 0 0 0 0 0 0 0 0 0 0 0 0 0 0 0 0 0 0 0 0 0 0 0 0 0 0 0 0 0
0 0 0 0 0 0 0 0 0 0 0 0 0 0 0 0 0 0 0 0 0 0 0 0 0 0 0 0 0 0 0 0 0 0 0 0
0 0 0 0 0 0 0 0 0 0 0 0 0 0 0 0 0 0 0 0 0 0 0 0 0 0 0 0 0 0 0 0 0 0 0 0
0 0 0 0 0
##$LEVSIGN= 3
##$MAXLEV= 8
##$METHOD= 0
##$NEGBASE= -81993.078128
##$NEGINCR= 1.8
##$POSBASE= 81993.078128
##$POSINCR= 1.8
##END=
