Date : 8/9/2019	Time : 13:07:35	
C:\UVWINLAB\CG131U1.SP	
18.00	0.5555
18.20	0.5554
18.40	0.5555
18.60	0.5554
18.80	0.5555
19.00	0.5554
19.20	0.5556
19.40	0.5556
19.60	0.5556
19.80	0.5556
20.00	0.5557
20.20	0.5558
20.40	0.5556
20.60	0.5560
20.80	0.5559
21.00	0.5558
21.20	0.5558
21.40	0.5560
21.60	0.5558
21.80	0.5560
22.00	0.5560
22.20	0.5562
22.40	0.5561
22.60	0.5561
22.80	0.5562
23.00	0.5564
23.20	0.5563
23.40	0.5564
23.60	0.5563
23.80	0.5565
24.00	0.5565
24.20	0.5567
24.40	0.5567
24.60	0.5567
24.80	0.5567
25.00	0.5566
25.20	0.5569
25.40	0.5569
25.60	0.5570
25.80	0.5571
26.00	0.5572
26.20	0.5572
26.40	0.5570
26.60	0.5573
26.80	0.5574
27.00	0.5574
27.20	0.5576
27.40	0.5576
27.60	0.5576
27.80	0.5576
28.00	0.5578
28.20	0.5579
28.40	0.5578
28.60	0.5580
28.80	0.5580
29.00	0.5581
29.20	0.5583
29.40	0.5585
29.60	0.5583
29.80	0.5585
30.00	0.5585
30.20	0.5586
30.40	0.5587
30.60	0.5588
30.80	0.5589
31.00	0.5591
31.20	0.5591
31.40	0.5593
31.60	0.5593
31.80	0.5594
32.00	0.5596
32.20	0.5599
32.50	0.5599
32.70	0.5601
33.00	0.5604
33.20	0.5607
33.50	0.5606
33.70	0.5607
34.00	0.5610
34.20	0.5613
34.50	0.5615
34.70	0.5616
35.00	0.5618
35.20	0.5621
35.50	0.5624
35.70	0.5625
36.00	0.5627
36.20	0.5631
36.50	0.5634
36.70	0.5635
37.00	0.5637
37.20	0.5641
37.50	0.5645
37.70	0.5644
38.00	0.5649
38.20	0.5651
38.50	0.5655
38.70	0.5658
39.00	0.5660
39.20	0.5663
39.50	0.5667
39.70	0.5670
40.00	0.5675
40.20	0.5678
40.50	0.5681
40.70	0.5681
41.00	0.5687
41.20	0.5688
41.50	0.5694
41.70	0.5698
42.00	0.5702
42.20	0.5705
42.50	0.5709
42.70	0.5709
43.00	0.5719
43.20	0.5720
43.50	0.5725
43.70	0.5730
44.00	0.5734
44.20	0.5735
44.50	0.5741
44.70	0.5741
45.00	0.5749
45.20	0.5753
45.50	0.5760
45.70	0.5764
46.00	0.5770
46.20	0.5772
46.50	0.5780
46.70	0.5780
47.00	0.5791
47.20	0.5794
47.50	0.5801
47.70	0.5805
48.00	0.5814
48.20	0.5815
48.50	0.5825
48.70	0.5825
49.00	0.5835
49.20	0.5841
49.50	0.5849
49.70	0.5854
50.00	0.5860
50.20	0.5865
50.50	0.5874
50.70	0.5874
51.00	0.5889
51.20	0.5895
51.50	0.5903
51.70	0.5908
52.00	0.5920
52.20	0.5923
52.50	0.5934
52.70	0.5934
53.00	0.5948
53.20	0.5955
53.50	0.5964
53.70	0.5971
54.00	0.5980
54.20	0.5987
54.50	0.5998
54.70	0.5998
55.00	0.6018
55.20	0.6022
55.50	0.6032
55.70	0.6039
56.00	0.6055
56.20	0.6058
56.50	0.6069
56.70	0.6069
57.00	0.6086
57.20	0.6094
57.50	0.6106
57.70	0.6111
58.00	0.6124
58.20	0.6130
58.50	0.6143
58.70	0.6143
59.00	0.6159
59.20	0.6166
59.50	0.6181
59.70	0.6186
60.00	0.6198
60.20	0.6203
60.50	0.6215
60.70	0.6215
61.00	0.6232
61.20	0.6240
61.50	0.6250
61.70	0.6254
62.00	0.6265
62.20	0.6271
62.50	0.6282
62.70	0.6282
63.00	0.6295
63.20	0.6301
63.50	0.6310
63.70	0.6315
64.00	0.6323
64.20	0.6327
64.40	0.6335
64.70	0.6342
64.90	0.6347
65.20	0.6352
65.40	0.6359
65.70	0.6365
65.90	0.6371
66.20	0.6376
66.40	0.6379
66.70	0.6386
66.90	0.6388
67.20	0.6394
67.40	0.6399
67.70	0.6404
67.90	0.6404
68.20	0.6413
68.40	0.6417
68.70	0.6422
68.90	0.6424
69.20	0.6427
69.40	0.6430
69.70	0.6435
69.90	0.6435
70.20	0.6443
70.40	0.6445
70.70	0.6449
70.90	0.6452
71.20	0.6455
71.40	0.6458
71.70	0.6461
71.90	0.6461
72.20	0.6470
72.40	0.6470
72.70	0.6475
72.90	0.6477
73.20	0.6479
73.40	0.6481
73.70	0.6485
73.90	0.6485
74.20	0.6491
74.40	0.6493
74.70	0.6496
74.90	0.6497
75.20	0.6501
75.40	0.6503
75.70	0.6507
75.90	0.6507
76.20	0.6513
76.40	0.6515
76.70	0.6519
76.90	0.6517
77.20	0.6521
77.40	0.6526
77.70	0.6524
77.90	0.6524
78.20	0.6532
78.40	0.6532
78.70	0.6535
78.90	0.6536
79.20	0.6542
79.40	0.6552
79.70	0.6549
79.90	0.6549
80.20	0.6562
80.40	0.6557
80.70	0.6555
80.90	0.6558
81.20	0.6567
81.40	0.6569
81.70	0.6570
81.90	0.6570
82.20	0.6571
82.40	0.6573
82.70	0.6578
82.90	0.6578
83.20	0.6583
83.40	0.6583
83.70	0.6585
83.90	0.6585
84.20	0.6591
84.40	0.6594
84.70	0.6596
84.90	0.6598
85.20	0.6607
85.40	0.6608
85.70	0.6612
85.90	0.6612
86.20	0.6613
86.40	0.6614
86.70	0.6619
86.90	0.6620
87.20	0.6622
87.40	0.6624
87.70	0.6624
87.90	0.6624
88.20	0.6629
88.40	0.6628
88.70	0.6633
88.90	0.6631
89.20	0.6634
89.40	0.6638
89.70	0.6637
89.90	0.6637
90.20	0.6642
90.40	0.6644
90.70	0.6651
90.90	0.6648
91.20	0.6653
91.40	0.6651
91.70	0.6653
91.90	0.6653
