Date : 9/18/2019	Time : 18:24:04	
C:\UVWINLAB\DNA21U1.SP	
19.40	0.6838
19.60	0.6837
19.80	0.6836
20.00	0.6835
20.20	0.6834
20.40	0.6835
20.60	0.6837
20.80	0.6835
21.00	0.6835
21.20	0.6835
21.40	0.6836
21.60	0.6837
21.80	0.6838
22.00	0.6837
22.20	0.6836
22.40	0.6837
22.60	0.6839
22.80	0.6840
23.00	0.6840
23.20	0.6841
23.40	0.6842
23.60	0.6841
23.80	0.6842
24.00	0.6841
24.20	0.6842
24.40	0.6843
24.60	0.6843
24.80	0.6845
25.00	0.6845
25.20	0.6845
25.40	0.6847
25.60	0.6849
25.80	0.6847
26.00	0.6848
26.20	0.6850
26.40	0.6852
26.60	0.6852
26.80	0.6855
27.00	0.6854
27.20	0.6854
27.40	0.6858
27.60	0.6855
27.80	0.6857
28.00	0.6859
28.20	0.6859
28.40	0.6860
28.60	0.6863
28.80	0.6861
29.00	0.6863
29.20	0.6865
29.40	0.6864
29.60	0.6867
29.80	0.6867
30.00	0.6868
30.20	0.6870
30.40	0.6870
30.60	0.6872
30.80	0.6874
31.00	0.6872
31.20	0.6874
31.40	0.6875
31.60	0.6878
31.80	0.6878
32.00	0.6880
32.20	0.6880
32.50	0.6881
32.70	0.6883
33.00	0.6884
33.20	0.6886
33.50	0.6889
33.70	0.6891
34.00	0.6895
34.20	0.6896
34.50	0.6900
34.70	0.6901
35.00	0.6903
35.20	0.6906
35.50	0.6909
35.70	0.6910
36.00	0.6915
36.20	0.6916
36.50	0.6919
36.70	0.6923
37.00	0.6926
37.20	0.6925
37.50	0.6928
37.70	0.6933
38.00	0.6937
38.20	0.6937
38.50	0.6942
38.70	0.6943
39.00	0.6948
39.20	0.6949
39.50	0.6953
39.70	0.6952
40.00	0.6957
40.20	0.6959
40.50	0.6966
40.70	0.6966
41.00	0.6973
41.20	0.6978
41.50	0.6982
41.70	0.6985
42.00	0.6989
42.20	0.6992
42.50	0.6993
42.70	0.6993
43.00	0.7002
43.20	0.7007
43.50	0.7014
43.70	0.7015
44.00	0.7017
44.20	0.7022
44.50	0.7028
44.70	0.7028
45.00	0.7041
45.20	0.7047
45.50	0.7052
45.70	0.7053
46.00	0.7063
46.20	0.7070
46.50	0.7076
46.70	0.7076
47.00	0.7088
47.20	0.7095
47.50	0.7100
47.70	0.7106
48.00	0.7112
48.20	0.7118
48.50	0.7125
48.70	0.7125
49.00	0.7136
49.20	0.7145
49.50	0.7152
49.70	0.7156
50.00	0.7166
50.20	0.7172
50.50	0.7182
50.70	0.7182
51.00	0.7200
51.20	0.7204
51.50	0.7211
51.70	0.7220
52.00	0.7230
52.20	0.7235
52.50	0.7246
52.70	0.7246
53.00	0.7264
53.20	0.7268
53.50	0.7279
53.70	0.7287
54.00	0.7299
54.20	0.7305
54.50	0.7317
54.70	0.7317
55.00	0.7335
55.20	0.7344
55.50	0.7354
55.70	0.7364
56.00	0.7377
56.20	0.7384
56.50	0.7396
56.70	0.7396
57.00	0.7418
57.20	0.7423
57.50	0.7435
57.70	0.7444
58.00	0.7460
58.20	0.7467
58.50	0.7478
58.70	0.7478
59.00	0.7496
59.20	0.7502
59.50	0.7513
59.70	0.7523
60.00	0.7533
60.20	0.7541
60.50	0.7553
60.70	0.7553
61.00	0.7573
61.20	0.7578
61.50	0.7589
61.70	0.7597
62.00	0.7607
62.20	0.7613
62.50	0.7623
62.70	0.7623
63.00	0.7639
63.20	0.7644
63.50	0.7655
63.70	0.7658
64.00	0.7668
64.20	0.7676
64.40	0.7680
64.70	0.7688
64.90	0.7694
65.20	0.7701
65.40	0.7705
65.70	0.7711
65.90	0.7719
66.20	0.7726
66.40	0.7728
66.70	0.7736
66.90	0.7741
67.20	0.7746
67.40	0.7750
67.70	0.7755
67.90	0.7755
68.20	0.7765
68.40	0.7767
68.70	0.7774
68.90	0.7778
69.20	0.7786
69.40	0.7787
69.70	0.7792
69.90	0.7792
70.20	0.7799
70.40	0.7802
70.70	0.7806
70.90	0.7811
71.20	0.7814
71.40	0.7819
71.70	0.7820
71.90	0.7820
72.20	0.7828
72.40	0.7829
72.70	0.7833
72.90	0.7836
73.20	0.7839
73.40	0.7842
73.70	0.7844
73.90	0.7844
74.20	0.7851
74.40	0.7853
74.70	0.7859
74.90	0.7860
75.20	0.7865
75.40	0.7866
75.70	0.7868
75.90	0.7868
76.20	0.7874
76.40	0.7875
76.70	0.7879
76.90	0.7882
77.20	0.7884
77.40	0.7886
77.70	0.7891
77.90	0.7891
78.20	0.7892
78.40	0.7894
78.70	0.7896
78.90	0.7897
79.20	0.7902
79.40	0.7902
79.70	0.7904
79.90	0.7904
80.20	0.7908
80.40	0.7909
80.70	0.7910
80.90	0.7912
81.20	0.7913
81.40	0.7915
81.70	0.7918
81.90	0.7918
82.20	0.7919
82.40	0.7922
82.70	0.7925
82.90	0.7923
83.20	0.7925
83.40	0.7927
83.70	0.7930
83.90	0.7930
84.20	0.7931
84.40	0.7935
84.70	0.7934
84.90	0.7936
85.20	0.7939
85.40	0.7939
85.70	0.7941
85.90	0.7941
86.20	0.7943
86.40	0.7943
86.70	0.7946
86.90	0.7948
87.20	0.7946
87.40	0.7949
87.70	0.7951
87.90	0.7951
88.20	0.7953
88.40	0.7953
88.70	0.7956
88.90	0.7957
89.20	0.7958
89.40	0.7960
89.70	0.7960
89.90	0.7960
90.20	0.7963
90.40	0.7963
90.70	0.7965
90.90	0.7964
91.20	0.7966
91.40	0.7967
91.70	0.7966
91.90	0.7966
92.20	0.7968
92.40	0.7968
92.70	0.7971
92.90	0.7971
93.20	0.7970
93.40	0.7971
93.70	0.7972
93.90	0.7972
94.20	0.7975
94.40	0.7975
94.70	0.7976
94.90	0.7977
95.20	0.7978
95.40	0.7979
95.70	0.7979
95.90	0.7979
96.20	0.7980
96.40	0.7982
96.70	0.7984
96.90	0.7983
97.20	0.7983
