##TITLE= Parameter file, TOPSPIN		Version 3.1
##JCAMPDX= 5.0
##DATATYPE= Parameter Values
##NPOINTS= 8	$$ modification sequence number
##ORIGIN= Bruker BioSpin GmbH
##OWNER= hashimi
$$ 2017-07-04 21:25:33.887 -0400  hashimi@EP-10018760
$$ /opt/topspin3.1/hashimi/hs_20170705_A6m1G10_A6lbl_CTHSQC/3/pdata/1/clevels
$$ process /opt/topspin3.1/prog/mod/dataserver
##$LEVELS= (0..255)
-32556.235245355 -18086.7973585306 -10048.2207547392 -5582.344863744 -3101.30270208
-1722.9459456 -957.192192 -531.77344 531.77344 957.192192 1722.9459456
3101.30270208 5582.344863744 10048.2207547392 18086.7973585306 32556.235245355
0 0 0 0 0 0 0 0 0 0 0 0 0 0 0 0 0 0 0 0 0 0 0 0 0 0 0 0 0 0 0 0 0 0 0 0
0 0 0 0 0 0 0 0 0 0 0 0 0 0 0 0 0 0 0 0 0 0 0 0 0 0 0 0 0 0 0 0 0 0 0 0
0 0 0 0 0 0 0 0 0 0 0 0 0 0 0 0 0 0 0 0 0 0 0 0 0 0 0 0 0 0 0 0 0 0 0 0
0 0 0 0 0 0 0 0 0 0 0 0 0 0 0 0 0 0 0 0 0 0 0 0 0 0 0 0 0 0 0 0 0 0 0 0
0 0 0 0 0 0 0 0 0 0 0 0 0 0 0 0 0 0 0 0 0 0 0 0 0 0 0 0 0 0 0 0 0 0 0 0
0 0 0 0 0 0 0 0 0 0 0 0 0 0 0 0 0 0 0 0 0 0 0 0 0 0 0 0 0 0 0 0 0 0 0 0
0 0 0 0 0 0 0 0 0 0 0 0 0 0 0 0 0 0 0 0 0 0 0 0
##$LEVSIGN= 3
##$MAXLEV= 8
##$METHOD= 0
##$NEGBASE= -531.77344
##$NEGINCR= 1.8
##$POSBASE= 531.77344
##$POSINCR= 1.8
##END=
