##TITLE= /opt/xwinnmr/exp/stan/nmr/lists/wave/isnob2.1200
##JCAMP-DX= 5.00 Bruker JCAMP library
##DATA TYPE= Shape Data
##ORIGIN= Bruker Analytik GmbH
##OWNER= <hashimi>
##DATE= 04/06/27
##TIME= 12:00:00
##$SHAPE_PARAMETERS= Type: I2Snob 
##MINX= 9.381815e-04
##MAXX= 1.000011e+02
##MINY= 0.000000e+00
##MAXY= 1.800000e+02
##$SHAPE_EXMODE= Inversion
##$SHAPE_TOTROT= 1.800000e+02
##$SHAPE_BWFAC= 1.540000e+00
##$SHAPE_INTEGFAC= 2.143692e-01
##$SHAPE_MODE= 0
##NPOINTS= 1200
##XYPOINTS= (XY..XY)
5.197223e-01, 0.000000e+00
4.838929e-01, 0.000000e+00
4.495181e-01, 0.000000e+00
4.165657e-01, 0.000000e+00
3.850031e-01, 0.000000e+00
3.547967e-01, 0.000000e+00
3.259122e-01, 0.000000e+00
2.983146e-01, 0.000000e+00
2.719682e-01, 0.000000e+00
2.468368e-01, 0.000000e+00
2.228833e-01, 0.000000e+00
2.000703e-01, 0.000000e+00
1.783596e-01, 0.000000e+00
1.577126e-01, 0.000000e+00
1.380902e-01, 0.000000e+00
1.194529e-01, 0.000000e+00
1.017605e-01, 0.000000e+00
8.497271e-02, 0.000000e+00
6.904871e-02, 0.000000e+00
5.394742e-02, 0.000000e+00
3.962746e-02, 0.000000e+00
2.604718e-02, 0.000000e+00
1.316477e-02, 0.000000e+00
9.381815e-04, 0.000000e+00
1.067472e-02, 1.800000e+02
2.171618e-02, 1.800000e+02
3.222851e-02, 1.800000e+02
4.225403e-02, 1.800000e+02
5.183504e-02, 1.800000e+02
6.101379e-02, 1.800000e+02
6.983243e-02, 1.800000e+02
7.833297e-02, 1.800000e+02
8.655723e-02, 1.800000e+02
9.454684e-02, 1.800000e+02
1.023432e-01, 1.800000e+02
1.099873e-01, 1.800000e+02
1.175199e-01, 1.800000e+02
1.249815e-01, 1.800000e+02
1.324120e-01, 1.800000e+02
1.398510e-01, 1.800000e+02
1.473375e-01, 1.800000e+02
1.549101e-01, 1.800000e+02
1.626069e-01, 1.800000e+02
1.704653e-01, 1.800000e+02
1.785221e-01, 1.800000e+02
1.868137e-01, 1.800000e+02
1.953754e-01, 1.800000e+02
2.042423e-01, 1.800000e+02
2.134484e-01, 1.800000e+02
2.230272e-01, 1.800000e+02
2.330112e-01, 1.800000e+02
2.434322e-01, 1.800000e+02
2.543213e-01, 1.800000e+02
2.657086e-01, 1.800000e+02
2.776233e-01, 1.800000e+02
2.900938e-01, 1.800000e+02
3.031476e-01, 1.800000e+02
3.168113e-01, 1.800000e+02
3.311105e-01, 1.800000e+02
3.460698e-01, 1.800000e+02
3.617129e-01, 1.800000e+02
3.780626e-01, 1.800000e+02
3.951405e-01, 1.800000e+02
4.129673e-01, 1.800000e+02
4.315628e-01, 1.800000e+02
4.509458e-01, 1.800000e+02
4.711337e-01, 1.800000e+02
4.921434e-01, 1.800000e+02
5.139905e-01, 1.800000e+02
5.366895e-01, 1.800000e+02
5.602541e-01, 1.800000e+02
5.846968e-01, 1.800000e+02
6.100291e-01, 1.800000e+02
6.362617e-01, 1.800000e+02
6.634040e-01, 1.800000e+02
6.914646e-01, 1.800000e+02
7.204510e-01, 1.800000e+02
7.503698e-01, 1.800000e+02
7.812265e-01, 1.800000e+02
8.130259e-01, 1.800000e+02
8.457716e-01, 1.800000e+02
8.794663e-01, 1.800000e+02
9.141120e-01, 1.800000e+02
9.497095e-01, 1.800000e+02
9.862590e-01, 1.800000e+02
1.023760e+00, 1.800000e+02
1.062210e+00, 1.800000e+02
1.101608e+00, 1.800000e+02
1.141949e+00, 1.800000e+02
1.183231e+00, 1.800000e+02
1.225447e+00, 1.800000e+02
1.268594e+00, 1.800000e+02
1.312664e+00, 1.800000e+02
1.357650e+00, 1.800000e+02
1.403547e+00, 1.800000e+02
1.450344e+00, 1.800000e+02
1.498034e+00, 1.800000e+02
1.546607e+00, 1.800000e+02
1.596053e+00, 1.800000e+02
1.646363e+00, 1.800000e+02
1.697525e+00, 1.800000e+02
1.749528e+00, 1.800000e+02
1.802361e+00, 1.800000e+02
1.856011e+00, 1.800000e+02
1.910466e+00, 1.800000e+02
1.965713e+00, 1.800000e+02
2.021739e+00, 1.800000e+02
2.078531e+00, 1.800000e+02
2.136075e+00, 1.800000e+02
2.194357e+00, 1.800000e+02
2.253364e+00, 1.800000e+02
2.313081e+00, 1.800000e+02
2.373494e+00, 1.800000e+02
2.434588e+00, 1.800000e+02
2.496350e+00, 1.800000e+02
2.558763e+00, 1.800000e+02
2.621814e+00, 1.800000e+02
2.685489e+00, 1.800000e+02
2.749772e+00, 1.800000e+02
2.814649e+00, 1.800000e+02
2.880105e+00, 1.800000e+02
2.946127e+00, 1.800000e+02
3.012700e+00, 1.800000e+02
3.079809e+00, 1.800000e+02
3.147441e+00, 1.800000e+02
3.215583e+00, 1.800000e+02
3.284219e+00, 1.800000e+02
3.353338e+00, 1.800000e+02
3.422925e+00, 1.800000e+02
3.492969e+00, 1.800000e+02
3.563455e+00, 1.800000e+02
3.634373e+00, 1.800000e+02
3.705709e+00, 1.800000e+02
3.777452e+00, 1.800000e+02
3.849590e+00, 1.800000e+02
3.922113e+00, 1.800000e+02
3.995009e+00, 1.800000e+02
4.068268e+00, 1.800000e+02
4.141880e+00, 1.800000e+02
4.215835e+00, 1.800000e+02
4.290123e+00, 1.800000e+02
4.364735e+00, 1.800000e+02
4.439664e+00, 1.800000e+02
4.514899e+00, 1.800000e+02
4.590435e+00, 1.800000e+02
4.666262e+00, 1.800000e+02
4.742373e+00, 1.800000e+02
4.818763e+00, 1.800000e+02
4.895424e+00, 1.800000e+02
4.972350e+00, 1.800000e+02
5.049535e+00, 1.800000e+02
5.126975e+00, 1.800000e+02
5.204663e+00, 1.800000e+02
5.282596e+00, 1.800000e+02
5.360769e+00, 1.800000e+02
5.439178e+00, 1.800000e+02
5.517820e+00, 1.800000e+02
5.596690e+00, 1.800000e+02
5.675787e+00, 1.800000e+02
5.755107e+00, 1.800000e+02
5.834647e+00, 1.800000e+02
5.914406e+00, 1.800000e+02
5.994382e+00, 1.800000e+02
6.074572e+00, 1.800000e+02
6.154976e+00, 1.800000e+02
6.235592e+00, 1.800000e+02
6.316420e+00, 1.800000e+02
6.397458e+00, 1.800000e+02
6.478706e+00, 1.800000e+02
6.560163e+00, 1.800000e+02
6.641830e+00, 1.800000e+02
6.723705e+00, 1.800000e+02
6.805789e+00, 1.800000e+02
6.888082e+00, 1.800000e+02
6.970585e+00, 1.800000e+02
7.053297e+00, 1.800000e+02
7.136218e+00, 1.800000e+02
7.219350e+00, 1.800000e+02
7.302692e+00, 1.800000e+02
7.386245e+00, 1.800000e+02
7.470010e+00, 1.800000e+02
7.553987e+00, 1.800000e+02
7.638175e+00, 1.800000e+02
7.722576e+00, 1.800000e+02
7.807191e+00, 1.800000e+02
7.892018e+00, 1.800000e+02
7.977059e+00, 1.800000e+02
8.062313e+00, 1.800000e+02
8.147780e+00, 1.800000e+02
8.233461e+00, 1.800000e+02
8.319355e+00, 1.800000e+02
8.405462e+00, 1.800000e+02
8.491780e+00, 1.800000e+02
8.578310e+00, 1.800000e+02
8.665051e+00, 1.800000e+02
8.752001e+00, 1.800000e+02
8.839159e+00, 1.800000e+02
8.926525e+00, 1.800000e+02
9.014095e+00, 1.800000e+02
9.101869e+00, 1.800000e+02
9.189844e+00, 1.800000e+02
9.278018e+00, 1.800000e+02
9.366389e+00, 1.800000e+02
9.454953e+00, 1.800000e+02
9.543709e+00, 1.800000e+02
9.632652e+00, 1.800000e+02
9.721779e+00, 1.800000e+02
9.811087e+00, 1.800000e+02
9.900571e+00, 1.800000e+02
9.990228e+00, 1.800000e+02
1.008005e+01, 1.800000e+02
1.017004e+01, 1.800000e+02
1.026019e+01, 1.800000e+02
1.035049e+01, 1.800000e+02
1.044094e+01, 1.800000e+02
1.053153e+01, 1.800000e+02
1.062225e+01, 1.800000e+02
1.071311e+01, 1.800000e+02
1.080409e+01, 1.800000e+02
1.089518e+01, 1.800000e+02
1.098639e+01, 1.800000e+02
1.107770e+01, 1.800000e+02
1.116911e+01, 1.800000e+02
1.126061e+01, 1.800000e+02
1.135218e+01, 1.800000e+02
1.144383e+01, 1.800000e+02
1.153555e+01, 1.800000e+02
1.162732e+01, 1.800000e+02
1.171914e+01, 1.800000e+02
1.181100e+01, 1.800000e+02
1.190290e+01, 1.800000e+02
1.199481e+01, 1.800000e+02
1.208674e+01, 1.800000e+02
1.217867e+01, 1.800000e+02
1.227060e+01, 1.800000e+02
1.236252e+01, 1.800000e+02
1.245441e+01, 1.800000e+02
1.254627e+01, 1.800000e+02
1.263808e+01, 1.800000e+02
1.272984e+01, 1.800000e+02
1.282154e+01, 1.800000e+02
1.291317e+01, 1.800000e+02
1.300472e+01, 1.800000e+02
1.309617e+01, 1.800000e+02
1.318752e+01, 1.800000e+02
1.327876e+01, 1.800000e+02
1.336988e+01, 1.800000e+02
1.346087e+01, 1.800000e+02
1.355171e+01, 1.800000e+02
1.364241e+01, 1.800000e+02
1.373294e+01, 1.800000e+02
1.382330e+01, 1.800000e+02
1.391347e+01, 1.800000e+02
1.400346e+01, 1.800000e+02
1.409324e+01, 1.800000e+02
1.418282e+01, 1.800000e+02
1.427217e+01, 1.800000e+02
1.436129e+01, 1.800000e+02
1.445017e+01, 1.800000e+02
1.453880e+01, 1.800000e+02
1.462718e+01, 1.800000e+02
1.471528e+01, 1.800000e+02
1.480310e+01, 1.800000e+02
1.489064e+01, 1.800000e+02
1.497788e+01, 1.800000e+02
1.506482e+01, 1.800000e+02
1.515144e+01, 1.800000e+02
1.523774e+01, 1.800000e+02
1.532370e+01, 1.800000e+02
1.540933e+01, 1.800000e+02
1.549460e+01, 1.800000e+02
1.557952e+01, 1.800000e+02
1.566407e+01, 1.800000e+02
1.574825e+01, 1.800000e+02
1.583205e+01, 1.800000e+02
1.591545e+01, 1.800000e+02
1.599846e+01, 1.800000e+02
1.608106e+01, 1.800000e+02
1.616324e+01, 1.800000e+02
1.624501e+01, 1.800000e+02
1.632634e+01, 1.800000e+02
1.640724e+01, 1.800000e+02
1.648769e+01, 1.800000e+02
1.656769e+01, 1.800000e+02
1.664723e+01, 1.800000e+02
1.672630e+01, 1.800000e+02
1.680490e+01, 1.800000e+02
1.688302e+01, 1.800000e+02
1.696065e+01, 1.800000e+02
1.703778e+01, 1.800000e+02
1.711441e+01, 1.800000e+02
1.719054e+01, 1.800000e+02
1.726614e+01, 1.800000e+02
1.734123e+01, 1.800000e+02
1.741578e+01, 1.800000e+02
1.748979e+01, 1.800000e+02
1.756326e+01, 1.800000e+02
1.763618e+01, 1.800000e+02
1.770855e+01, 1.800000e+02
1.778034e+01, 1.800000e+02
1.785157e+01, 1.800000e+02
1.792221e+01, 1.800000e+02
1.799227e+01, 1.800000e+02
1.806174e+01, 1.800000e+02
1.813061e+01, 1.800000e+02
1.819886e+01, 1.800000e+02
1.826651e+01, 1.800000e+02
1.833353e+01, 1.800000e+02
1.839993e+01, 1.800000e+02
1.846568e+01, 1.800000e+02
1.853079e+01, 1.800000e+02
1.859526e+01, 1.800000e+02
1.865906e+01, 1.800000e+02
1.872219e+01, 1.800000e+02
1.878465e+01, 1.800000e+02
1.884643e+01, 1.800000e+02
1.890752e+01, 1.800000e+02
1.896791e+01, 1.800000e+02
1.902759e+01, 1.800000e+02
1.908656e+01, 1.800000e+02
1.914480e+01, 1.800000e+02
1.920232e+01, 1.800000e+02
1.925909e+01, 1.800000e+02
1.931512e+01, 1.800000e+02
1.937039e+01, 1.800000e+02
1.942489e+01, 1.800000e+02
1.947861e+01, 1.800000e+02
1.953156e+01, 1.800000e+02
1.958371e+01, 1.800000e+02
1.963506e+01, 1.800000e+02
1.968560e+01, 1.800000e+02
1.973531e+01, 1.800000e+02
1.978420e+01, 1.800000e+02
1.983225e+01, 1.800000e+02
1.987945e+01, 1.800000e+02
1.992580e+01, 1.800000e+02
1.997127e+01, 1.800000e+02
2.001587e+01, 1.800000e+02
2.005958e+01, 1.800000e+02
2.010239e+01, 1.800000e+02
2.014430e+01, 1.800000e+02
2.018529e+01, 1.800000e+02
2.022535e+01, 1.800000e+02
2.026448e+01, 1.800000e+02
2.030266e+01, 1.800000e+02
2.033989e+01, 1.800000e+02
2.037615e+01, 1.800000e+02
2.041143e+01, 1.800000e+02
2.044573e+01, 1.800000e+02
2.047903e+01, 1.800000e+02
2.051133e+01, 1.800000e+02
2.054261e+01, 1.800000e+02
2.057287e+01, 1.800000e+02
2.060210e+01, 1.800000e+02
2.063028e+01, 1.800000e+02
2.065741e+01, 1.800000e+02
2.068347e+01, 1.800000e+02
2.070847e+01, 1.800000e+02
2.073238e+01, 1.800000e+02
2.075521e+01, 1.800000e+02
2.077693e+01, 1.800000e+02
2.079755e+01, 1.800000e+02
2.081705e+01, 1.800000e+02
2.083542e+01, 1.800000e+02
2.085266e+01, 1.800000e+02
2.086876e+01, 1.800000e+02
2.088371e+01, 1.800000e+02
2.089750e+01, 1.800000e+02
2.091012e+01, 1.800000e+02
2.092158e+01, 1.800000e+02
2.093185e+01, 1.800000e+02
2.094093e+01, 1.800000e+02
2.094881e+01, 1.800000e+02
2.095550e+01, 1.800000e+02
2.096098e+01, 1.800000e+02
2.096524e+01, 1.800000e+02
2.096827e+01, 1.800000e+02
2.097009e+01, 1.800000e+02
2.097066e+01, 1.800000e+02
2.097000e+01, 1.800000e+02
2.096809e+01, 1.800000e+02
2.096494e+01, 1.800000e+02
2.096053e+01, 1.800000e+02
2.095485e+01, 1.800000e+02
2.094792e+01, 1.800000e+02
2.093971e+01, 1.800000e+02
2.093024e+01, 1.800000e+02
2.091948e+01, 1.800000e+02
2.090745e+01, 1.800000e+02
2.089413e+01, 1.800000e+02
2.087952e+01, 1.800000e+02
2.086363e+01, 1.800000e+02
2.084644e+01, 1.800000e+02
2.082795e+01, 1.800000e+02
2.080816e+01, 1.800000e+02
2.078708e+01, 1.800000e+02
2.076468e+01, 1.800000e+02
2.074099e+01, 1.800000e+02
2.071598e+01, 1.800000e+02
2.068967e+01, 1.800000e+02
2.066205e+01, 1.800000e+02
2.063311e+01, 1.800000e+02
2.060286e+01, 1.800000e+02
2.057129e+01, 1.800000e+02
2.053841e+01, 1.800000e+02
2.050421e+01, 1.800000e+02
2.046869e+01, 1.800000e+02
2.043186e+01, 1.800000e+02
2.039370e+01, 1.800000e+02
2.035422e+01, 1.800000e+02
2.031342e+01, 1.800000e+02
2.027130e+01, 1.800000e+02
2.022785e+01, 1.800000e+02
2.018308e+01, 1.800000e+02
2.013699e+01, 1.800000e+02
2.008957e+01, 1.800000e+02
2.004083e+01, 1.800000e+02
1.999076e+01, 1.800000e+02
1.993936e+01, 1.800000e+02
1.988664e+01, 1.800000e+02
1.983259e+01, 1.800000e+02
1.977720e+01, 1.800000e+02
1.972049e+01, 1.800000e+02
1.966244e+01, 1.800000e+02
1.960306e+01, 1.800000e+02
1.954235e+01, 1.800000e+02
1.948030e+01, 1.800000e+02
1.941691e+01, 1.800000e+02
1.935218e+01, 1.800000e+02
1.928611e+01, 1.800000e+02
1.921870e+01, 1.800000e+02
1.914994e+01, 1.800000e+02
1.907983e+01, 1.800000e+02
1.900837e+01, 1.800000e+02
1.893555e+01, 1.800000e+02
1.886138e+01, 1.800000e+02
1.878585e+01, 1.800000e+02
1.870895e+01, 1.800000e+02
1.863068e+01, 1.800000e+02
1.855104e+01, 1.800000e+02
1.847003e+01, 1.800000e+02
1.838763e+01, 1.800000e+02
1.830384e+01, 1.800000e+02
1.821867e+01, 1.800000e+02
1.813210e+01, 1.800000e+02
1.804412e+01, 1.800000e+02
1.795474e+01, 1.800000e+02
1.786394e+01, 1.800000e+02
1.777172e+01, 1.800000e+02
1.767808e+01, 1.800000e+02
1.758300e+01, 1.800000e+02
1.748648e+01, 1.800000e+02
1.738851e+01, 1.800000e+02
1.728908e+01, 1.800000e+02
1.718819e+01, 1.800000e+02
1.708583e+01, 1.800000e+02
1.698198e+01, 1.800000e+02
1.687665e+01, 1.800000e+02
1.676982e+01, 1.800000e+02
1.666147e+01, 1.800000e+02
1.655162e+01, 1.800000e+02
1.644023e+01, 1.800000e+02
1.632731e+01, 1.800000e+02
1.621285e+01, 1.800000e+02
1.609682e+01, 1.800000e+02
1.597923e+01, 1.800000e+02
1.586007e+01, 1.800000e+02
1.573932e+01, 1.800000e+02
1.561696e+01, 1.800000e+02
1.549300e+01, 1.800000e+02
1.536742e+01, 1.800000e+02
1.524021e+01, 1.800000e+02
1.511136e+01, 1.800000e+02
1.498085e+01, 1.800000e+02
1.484868e+01, 1.800000e+02
1.471483e+01, 1.800000e+02
1.457929e+01, 1.800000e+02
1.444206e+01, 1.800000e+02
1.430311e+01, 1.800000e+02
1.416245e+01, 1.800000e+02
1.402005e+01, 1.800000e+02
1.387591e+01, 1.800000e+02
1.373001e+01, 1.800000e+02
1.358235e+01, 1.800000e+02
1.343290e+01, 1.800000e+02
1.328168e+01, 1.800000e+02
1.312865e+01, 1.800000e+02
1.297381e+01, 1.800000e+02
1.281715e+01, 1.800000e+02
1.265866e+01, 1.800000e+02
1.249834e+01, 1.800000e+02
1.233616e+01, 1.800000e+02
1.217212e+01, 1.800000e+02
1.200621e+01, 1.800000e+02
1.183842e+01, 1.800000e+02
1.166875e+01, 1.800000e+02
1.149717e+01, 1.800000e+02
1.132370e+01, 1.800000e+02
1.114831e+01, 1.800000e+02
1.097100e+01, 1.800000e+02
1.079176e+01, 1.800000e+02
1.061059e+01, 1.800000e+02
1.042747e+01, 1.800000e+02
1.024241e+01, 1.800000e+02
1.005539e+01, 1.800000e+02
9.866409e+00, 1.800000e+02
9.675465e+00, 1.800000e+02
9.482551e+00, 1.800000e+02
9.287662e+00, 1.800000e+02
9.090794e+00, 1.800000e+02
8.891944e+00, 1.800000e+02
8.691109e+00, 1.800000e+02
8.488285e+00, 1.800000e+02
8.283470e+00, 1.800000e+02
8.076663e+00, 1.800000e+02
7.867862e+00, 1.800000e+02
7.657066e+00, 1.800000e+02
7.444274e+00, 1.800000e+02
7.229486e+00, 1.800000e+02
7.012703e+00, 1.800000e+02
6.793924e+00, 1.800000e+02
6.573153e+00, 1.800000e+02
6.350389e+00, 1.800000e+02
6.125635e+00, 1.800000e+02
5.898894e+00, 1.800000e+02
5.670168e+00, 1.800000e+02
5.439461e+00, 1.800000e+02
5.206777e+00, 1.800000e+02
4.972118e+00, 1.800000e+02
4.735492e+00, 1.800000e+02
4.496901e+00, 1.800000e+02
4.256351e+00, 1.800000e+02
4.013848e+00, 1.800000e+02
3.769399e+00, 1.800000e+02
3.523008e+00, 1.800000e+02
3.274684e+00, 1.800000e+02
3.024433e+00, 1.800000e+02
2.772262e+00, 1.800000e+02
2.518180e+00, 1.800000e+02
2.262193e+00, 1.800000e+02
2.004311e+00, 1.800000e+02
1.744541e+00, 1.800000e+02
1.482893e+00, 1.800000e+02
1.219375e+00, 1.800000e+02
9.539964e-01, 1.800000e+02
6.867666e-01, 1.800000e+02
4.176949e-01, 1.800000e+02
1.467911e-01, 1.800000e+02
1.259350e-01, 0.000000e+00
4.004735e-01, 0.000000e+00
6.768144e-01, 0.000000e+00
9.549476e-01, 0.000000e+00
1.234863e+00, 0.000000e+00
1.516550e+00, 0.000000e+00
1.799999e+00, 0.000000e+00
2.085198e+00, 0.000000e+00
2.372139e+00, 0.000000e+00
2.660810e+00, 0.000000e+00
2.951202e+00, 0.000000e+00
3.243304e+00, 0.000000e+00
3.537106e+00, 0.000000e+00
3.832598e+00, 0.000000e+00
4.129770e+00, 0.000000e+00
4.428612e+00, 0.000000e+00
4.729114e+00, 0.000000e+00
5.031267e+00, 0.000000e+00
5.335061e+00, 0.000000e+00
5.640488e+00, 0.000000e+00
5.947537e+00, 0.000000e+00
6.256201e+00, 0.000000e+00
6.566471e+00, 0.000000e+00
6.878337e+00, 0.000000e+00
7.191793e+00, 0.000000e+00
7.506829e+00, 0.000000e+00
7.823439e+00, 0.000000e+00
8.141615e+00, 0.000000e+00
8.461350e+00, 0.000000e+00
8.782636e+00, 0.000000e+00
9.105468e+00, 0.000000e+00
9.429840e+00, 0.000000e+00
9.755744e+00, 0.000000e+00
1.008318e+01, 0.000000e+00
1.041213e+01, 0.000000e+00
1.074260e+01, 0.000000e+00
1.107459e+01, 0.000000e+00
1.140808e+01, 0.000000e+00
1.174308e+01, 0.000000e+00
1.207957e+01, 0.000000e+00
1.241757e+01, 0.000000e+00
1.275706e+01, 0.000000e+00
1.309804e+01, 0.000000e+00
1.344051e+01, 0.000000e+00
1.378447e+01, 0.000000e+00
1.412991e+01, 0.000000e+00
1.447683e+01, 0.000000e+00
1.482524e+01, 0.000000e+00
1.517513e+01, 0.000000e+00
1.552650e+01, 0.000000e+00
1.587935e+01, 0.000000e+00
1.623368e+01, 0.000000e+00
1.658949e+01, 0.000000e+00
1.694679e+01, 0.000000e+00
1.730556e+01, 0.000000e+00
1.766582e+01, 0.000000e+00
1.802756e+01, 0.000000e+00
1.839079e+01, 0.000000e+00
1.875550e+01, 0.000000e+00
1.912170e+01, 0.000000e+00
1.948939e+01, 0.000000e+00
1.985857e+01, 0.000000e+00
2.022925e+01, 0.000000e+00
2.060142e+01, 0.000000e+00
2.097508e+01, 0.000000e+00
2.135025e+01, 0.000000e+00
2.172692e+01, 0.000000e+00
2.210509e+01, 0.000000e+00
2.248477e+01, 0.000000e+00
2.286595e+01, 0.000000e+00
2.324865e+01, 0.000000e+00
2.363286e+01, 0.000000e+00
2.401858e+01, 0.000000e+00
2.440582e+01, 0.000000e+00
2.479458e+01, 0.000000e+00
2.518485e+01, 0.000000e+00
2.557665e+01, 0.000000e+00
2.596997e+01, 0.000000e+00
2.636481e+01, 0.000000e+00
2.676117e+01, 0.000000e+00
2.715906e+01, 0.000000e+00
2.755847e+01, 0.000000e+00
2.795940e+01, 0.000000e+00
2.836186e+01, 0.000000e+00
2.876584e+01, 0.000000e+00
2.917134e+01, 0.000000e+00
2.957836e+01, 0.000000e+00
2.998690e+01, 0.000000e+00
3.039695e+01, 0.000000e+00
3.080852e+01, 0.000000e+00
3.122159e+01, 0.000000e+00
3.163617e+01, 0.000000e+00
3.205224e+01, 0.000000e+00
3.246982e+01, 0.000000e+00
3.288888e+01, 0.000000e+00
3.330942e+01, 0.000000e+00
3.373145e+01, 0.000000e+00
3.415494e+01, 0.000000e+00
3.457989e+01, 0.000000e+00
3.500630e+01, 0.000000e+00
3.543415e+01, 0.000000e+00
3.586344e+01, 0.000000e+00
3.629415e+01, 0.000000e+00
3.672627e+01, 0.000000e+00
3.715980e+01, 0.000000e+00
3.759471e+01, 0.000000e+00
3.803100e+01, 0.000000e+00
3.846865e+01, 0.000000e+00
3.890764e+01, 0.000000e+00
3.934797e+01, 0.000000e+00
3.978962e+01, 0.000000e+00
4.023256e+01, 0.000000e+00
4.067678e+01, 0.000000e+00
4.112226e+01, 0.000000e+00
4.156899e+01, 0.000000e+00
4.201694e+01, 0.000000e+00
4.246609e+01, 0.000000e+00
4.291642e+01, 0.000000e+00
4.336791e+01, 0.000000e+00
4.382054e+01, 0.000000e+00
4.427428e+01, 0.000000e+00
4.472910e+01, 0.000000e+00
4.518498e+01, 0.000000e+00
4.564190e+01, 0.000000e+00
4.609983e+01, 0.000000e+00
4.655874e+01, 0.000000e+00
4.701860e+01, 0.000000e+00
4.747938e+01, 0.000000e+00
4.794105e+01, 0.000000e+00
4.840359e+01, 0.000000e+00
4.886696e+01, 0.000000e+00
4.933112e+01, 0.000000e+00
4.979605e+01, 0.000000e+00
5.026171e+01, 0.000000e+00
5.072806e+01, 0.000000e+00
5.119508e+01, 0.000000e+00
5.166272e+01, 0.000000e+00
5.213095e+01, 0.000000e+00
5.259974e+01, 0.000000e+00
5.306903e+01, 0.000000e+00
5.353881e+01, 0.000000e+00
5.400901e+01, 0.000000e+00
5.447962e+01, 0.000000e+00
5.495058e+01, 0.000000e+00
5.542185e+01, 0.000000e+00
5.589340e+01, 0.000000e+00
5.636518e+01, 0.000000e+00
5.683715e+01, 0.000000e+00
5.730926e+01, 0.000000e+00
5.778147e+01, 0.000000e+00
5.825373e+01, 0.000000e+00
5.872601e+01, 0.000000e+00
5.919826e+01, 0.000000e+00
5.967042e+01, 0.000000e+00
6.014245e+01, 0.000000e+00
6.061431e+01, 0.000000e+00
6.108595e+01, 0.000000e+00
6.155731e+01, 0.000000e+00
6.202836e+01, 0.000000e+00
6.249904e+01, 0.000000e+00
6.296930e+01, 0.000000e+00
6.343910e+01, 0.000000e+00
6.390838e+01, 0.000000e+00
6.437709e+01, 0.000000e+00
6.484518e+01, 0.000000e+00
6.531261e+01, 0.000000e+00
6.577931e+01, 0.000000e+00
6.624524e+01, 0.000000e+00
6.671034e+01, 0.000000e+00
6.717456e+01, 0.000000e+00
6.763785e+01, 0.000000e+00
6.810016e+01, 0.000000e+00
6.856143e+01, 0.000000e+00
6.902160e+01, 0.000000e+00
6.948063e+01, 0.000000e+00
6.993846e+01, 0.000000e+00
7.039503e+01, 0.000000e+00
7.085029e+01, 0.000000e+00
7.130418e+01, 0.000000e+00
7.175665e+01, 0.000000e+00
7.220764e+01, 0.000000e+00
7.265710e+01, 0.000000e+00
7.310497e+01, 0.000000e+00
7.355119e+01, 0.000000e+00
7.399571e+01, 0.000000e+00
7.443847e+01, 0.000000e+00
7.487941e+01, 0.000000e+00
7.531847e+01, 0.000000e+00
7.575561e+01, 0.000000e+00
7.619075e+01, 0.000000e+00
7.662385e+01, 0.000000e+00
7.705484e+01, 0.000000e+00
7.748367e+01, 0.000000e+00
7.791027e+01, 0.000000e+00
7.833459e+01, 0.000000e+00
7.875658e+01, 0.000000e+00
7.917617e+01, 0.000000e+00
7.959330e+01, 0.000000e+00
8.000791e+01, 0.000000e+00
8.041995e+01, 0.000000e+00
8.082936e+01, 0.000000e+00
8.123607e+01, 0.000000e+00
8.164003e+01, 0.000000e+00
8.204118e+01, 0.000000e+00
8.243945e+01, 0.000000e+00
8.283480e+01, 0.000000e+00
8.322715e+01, 0.000000e+00
8.361645e+01, 0.000000e+00
8.400264e+01, 0.000000e+00
8.438566e+01, 0.000000e+00
8.476545e+01, 0.000000e+00
8.514195e+01, 0.000000e+00
8.551509e+01, 0.000000e+00
8.588483e+01, 0.000000e+00
8.625109e+01, 0.000000e+00
8.661383e+01, 0.000000e+00
8.697297e+01, 0.000000e+00
8.732846e+01, 0.000000e+00
8.768025e+01, 0.000000e+00
8.802826e+01, 0.000000e+00
8.837245e+01, 0.000000e+00
8.871274e+01, 0.000000e+00
8.904909e+01, 0.000000e+00
8.938143e+01, 0.000000e+00
8.970970e+01, 0.000000e+00
9.003385e+01, 0.000000e+00
9.035381e+01, 0.000000e+00
9.066953e+01, 0.000000e+00
9.098095e+01, 0.000000e+00
9.128801e+01, 0.000000e+00
9.159066e+01, 0.000000e+00
9.188883e+01, 0.000000e+00
9.218247e+01, 0.000000e+00
9.247152e+01, 0.000000e+00
9.275592e+01, 0.000000e+00
9.303563e+01, 0.000000e+00
9.331058e+01, 0.000000e+00
9.358072e+01, 0.000000e+00
9.384599e+01, 0.000000e+00
9.410634e+01, 0.000000e+00
9.436172e+01, 0.000000e+00
9.461207e+01, 0.000000e+00
9.485733e+01, 0.000000e+00
9.509747e+01, 0.000000e+00
9.533242e+01, 0.000000e+00
9.556214e+01, 0.000000e+00
9.578657e+01, 0.000000e+00
9.600567e+01, 0.000000e+00
9.621939e+01, 0.000000e+00
9.642767e+01, 0.000000e+00
9.663048e+01, 0.000000e+00
9.682776e+01, 0.000000e+00
9.701947e+01, 0.000000e+00
9.720557e+01, 0.000000e+00
9.738601e+01, 0.000000e+00
9.756075e+01, 0.000000e+00
9.772974e+01, 0.000000e+00
9.789295e+01, 0.000000e+00
9.805034e+01, 0.000000e+00
9.820187e+01, 0.000000e+00
9.834749e+01, 0.000000e+00
9.848719e+01, 0.000000e+00
9.862091e+01, 0.000000e+00
9.874862e+01, 0.000000e+00
9.887030e+01, 0.000000e+00
9.898591e+01, 0.000000e+00
9.909541e+01, 0.000000e+00
9.919879e+01, 0.000000e+00
9.929601e+01, 0.000000e+00
9.938705e+01, 0.000000e+00
9.947188e+01, 0.000000e+00
9.955048e+01, 0.000000e+00
9.962283e+01, 0.000000e+00
9.968890e+01, 0.000000e+00
9.974868e+01, 0.000000e+00
9.980215e+01, 0.000000e+00
9.984929e+01, 0.000000e+00
9.989009e+01, 0.000000e+00
9.992453e+01, 0.000000e+00
9.995261e+01, 0.000000e+00
9.997432e+01, 0.000000e+00
9.998964e+01, 0.000000e+00
9.999857e+01, 0.000000e+00
1.000011e+02, 0.000000e+00
9.999724e+01, 0.000000e+00
9.998698e+01, 0.000000e+00
9.997031e+01, 0.000000e+00
9.994726e+01, 0.000000e+00
9.991780e+01, 0.000000e+00
9.988196e+01, 0.000000e+00
9.983974e+01, 0.000000e+00
9.979114e+01, 0.000000e+00
9.973619e+01, 0.000000e+00
9.967488e+01, 0.000000e+00
9.960724e+01, 0.000000e+00
9.953328e+01, 0.000000e+00
9.945301e+01, 0.000000e+00
9.936647e+01, 0.000000e+00
9.927366e+01, 0.000000e+00
9.917462e+01, 0.000000e+00
9.906936e+01, 0.000000e+00
9.895791e+01, 0.000000e+00
9.884030e+01, 0.000000e+00
9.871656e+01, 0.000000e+00
9.858673e+01, 0.000000e+00
9.845082e+01, 0.000000e+00
9.830889e+01, 0.000000e+00
9.816096e+01, 0.000000e+00
9.800707e+01, 0.000000e+00
9.784727e+01, 0.000000e+00
9.768159e+01, 0.000000e+00
9.751007e+01, 0.000000e+00
9.733277e+01, 0.000000e+00
9.714972e+01, 0.000000e+00
9.696097e+01, 0.000000e+00
9.676658e+01, 0.000000e+00
9.656658e+01, 0.000000e+00
9.636104e+01, 0.000000e+00
9.615000e+01, 0.000000e+00
9.593352e+01, 0.000000e+00
9.571166e+01, 0.000000e+00
9.548446e+01, 0.000000e+00
9.525200e+01, 0.000000e+00
9.501432e+01, 0.000000e+00
9.477149e+01, 0.000000e+00
9.452356e+01, 0.000000e+00
9.427061e+01, 0.000000e+00
9.401269e+01, 0.000000e+00
9.374987e+01, 0.000000e+00
9.348221e+01, 0.000000e+00
9.320979e+01, 0.000000e+00
9.293265e+01, 0.000000e+00
9.265089e+01, 0.000000e+00
9.236455e+01, 0.000000e+00
9.207371e+01, 0.000000e+00
9.177845e+01, 0.000000e+00
9.147883e+01, 0.000000e+00
9.117492e+01, 0.000000e+00
9.086680e+01, 0.000000e+00
9.055453e+01, 0.000000e+00
9.023819e+01, 0.000000e+00
8.991786e+01, 0.000000e+00
8.959360e+01, 0.000000e+00
8.926549e+01, 0.000000e+00
8.893360e+01, 0.000000e+00
8.859801e+01, 0.000000e+00
8.825879e+01, 0.000000e+00
8.791602e+01, 0.000000e+00
8.756977e+01, 0.000000e+00
8.722012e+01, 0.000000e+00
8.686714e+01, 0.000000e+00
8.651090e+01, 0.000000e+00
8.615149e+01, 0.000000e+00
8.578897e+01, 0.000000e+00
8.542342e+01, 0.000000e+00
8.505491e+01, 0.000000e+00
8.468352e+01, 0.000000e+00
8.430932e+01, 0.000000e+00
8.393239e+01, 0.000000e+00
8.355279e+01, 0.000000e+00
8.317061e+01, 0.000000e+00
8.278590e+01, 0.000000e+00
8.239876e+01, 0.000000e+00
8.200924e+01, 0.000000e+00
8.161742e+01, 0.000000e+00
8.122336e+01, 0.000000e+00
8.082715e+01, 0.000000e+00
8.042884e+01, 0.000000e+00
8.002851e+01, 0.000000e+00
7.962623e+01, 0.000000e+00
7.922205e+01, 0.000000e+00
7.881606e+01, 0.000000e+00
7.840831e+01, 0.000000e+00
7.799887e+01, 0.000000e+00
7.758781e+01, 0.000000e+00
7.717518e+01, 0.000000e+00
7.676106e+01, 0.000000e+00
7.634551e+01, 0.000000e+00
7.592858e+01, 0.000000e+00
7.551033e+01, 0.000000e+00
7.509084e+01, 0.000000e+00
7.467015e+01, 0.000000e+00
7.424833e+01, 0.000000e+00
7.382543e+01, 0.000000e+00
7.340152e+01, 0.000000e+00
7.297663e+01, 0.000000e+00
7.255084e+01, 0.000000e+00
7.212419e+01, 0.000000e+00
7.169675e+01, 0.000000e+00
7.126855e+01, 0.000000e+00
7.083965e+01, 0.000000e+00
7.041011e+01, 0.000000e+00
6.997997e+01, 0.000000e+00
6.954929e+01, 0.000000e+00
6.911810e+01, 0.000000e+00
6.868647e+01, 0.000000e+00
6.825442e+01, 0.000000e+00
6.782202e+01, 0.000000e+00
6.738931e+01, 0.000000e+00
6.695632e+01, 0.000000e+00
6.652311e+01, 0.000000e+00
6.608972e+01, 0.000000e+00
6.565618e+01, 0.000000e+00
6.522255e+01, 0.000000e+00
6.478885e+01, 0.000000e+00
6.435514e+01, 0.000000e+00
6.392144e+01, 0.000000e+00
6.348780e+01, 0.000000e+00
6.305426e+01, 0.000000e+00
6.262084e+01, 0.000000e+00
6.218760e+01, 0.000000e+00
6.175456e+01, 0.000000e+00
6.132176e+01, 0.000000e+00
6.088924e+01, 0.000000e+00
6.045702e+01, 0.000000e+00
6.002515e+01, 0.000000e+00
5.959365e+01, 0.000000e+00
5.916255e+01, 0.000000e+00
5.873190e+01, 0.000000e+00
5.830171e+01, 0.000000e+00
5.787203e+01, 0.000000e+00
5.744287e+01, 0.000000e+00
5.701428e+01, 0.000000e+00
5.658628e+01, 0.000000e+00
5.615889e+01, 0.000000e+00
5.573216e+01, 0.000000e+00
5.530610e+01, 0.000000e+00
5.488075e+01, 0.000000e+00
5.445613e+01, 0.000000e+00
5.403227e+01, 0.000000e+00
5.360919e+01, 0.000000e+00
5.318693e+01, 0.000000e+00
5.276551e+01, 0.000000e+00
5.234495e+01, 0.000000e+00
5.192528e+01, 0.000000e+00
5.150652e+01, 0.000000e+00
5.108871e+01, 0.000000e+00
5.067186e+01, 0.000000e+00
5.025601e+01, 0.000000e+00
4.984116e+01, 0.000000e+00
4.942736e+01, 0.000000e+00
4.901462e+01, 0.000000e+00
4.860296e+01, 0.000000e+00
4.819241e+01, 0.000000e+00
4.778300e+01, 0.000000e+00
4.737474e+01, 0.000000e+00
4.696766e+01, 0.000000e+00
4.656178e+01, 0.000000e+00
4.615712e+01, 0.000000e+00
4.575370e+01, 0.000000e+00
4.535155e+01, 0.000000e+00
4.495069e+01, 0.000000e+00
4.455114e+01, 0.000000e+00
4.415292e+01, 0.000000e+00
4.375605e+01, 0.000000e+00
4.336055e+01, 0.000000e+00
4.296645e+01, 0.000000e+00
4.257376e+01, 0.000000e+00
4.218250e+01, 0.000000e+00
4.179270e+01, 0.000000e+00
4.140436e+01, 0.000000e+00
4.101752e+01, 0.000000e+00
4.063219e+01, 0.000000e+00
4.024839e+01, 0.000000e+00
3.986613e+01, 0.000000e+00
3.948545e+01, 0.000000e+00
3.910634e+01, 0.000000e+00
3.872884e+01, 0.000000e+00
3.835296e+01, 0.000000e+00
3.797871e+01, 0.000000e+00
3.760611e+01, 0.000000e+00
3.723518e+01, 0.000000e+00
3.686594e+01, 0.000000e+00
3.649840e+01, 0.000000e+00
3.613257e+01, 0.000000e+00
3.576847e+01, 0.000000e+00
3.540612e+01, 0.000000e+00
3.504552e+01, 0.000000e+00
3.468670e+01, 0.000000e+00
3.432966e+01, 0.000000e+00
3.397442e+01, 0.000000e+00
3.362100e+01, 0.000000e+00
3.326939e+01, 0.000000e+00
3.291962e+01, 0.000000e+00
3.257169e+01, 0.000000e+00
3.222562e+01, 0.000000e+00
3.188142e+01, 0.000000e+00
3.153909e+01, 0.000000e+00
3.119865e+01, 0.000000e+00
3.086010e+01, 0.000000e+00
3.052345e+01, 0.000000e+00
3.018871e+01, 0.000000e+00
2.985589e+01, 0.000000e+00
2.952499e+01, 0.000000e+00
2.919603e+01, 0.000000e+00
2.886899e+01, 0.000000e+00
2.854390e+01, 0.000000e+00
2.822076e+01, 0.000000e+00
2.789956e+01, 0.000000e+00
2.758032e+01, 0.000000e+00
2.726303e+01, 0.000000e+00
2.694771e+01, 0.000000e+00
2.663435e+01, 0.000000e+00
2.632295e+01, 0.000000e+00
2.601351e+01, 0.000000e+00
2.570604e+01, 0.000000e+00
2.540054e+01, 0.000000e+00
2.509701e+01, 0.000000e+00
2.479543e+01, 0.000000e+00
2.449583e+01, 0.000000e+00
2.419819e+01, 0.000000e+00
2.390251e+01, 0.000000e+00
2.360878e+01, 0.000000e+00
2.331702e+01, 0.000000e+00
2.302721e+01, 0.000000e+00
2.273934e+01, 0.000000e+00
2.245343e+01, 0.000000e+00
2.216946e+01, 0.000000e+00
2.188742e+01, 0.000000e+00
2.160732e+01, 0.000000e+00
2.132914e+01, 0.000000e+00
2.105289e+01, 0.000000e+00
2.077855e+01, 0.000000e+00
2.050612e+01, 0.000000e+00
2.023560e+01, 0.000000e+00
1.996698e+01, 0.000000e+00
1.970025e+01, 0.000000e+00
1.943540e+01, 0.000000e+00
1.917243e+01, 0.000000e+00
1.891134e+01, 0.000000e+00
1.865210e+01, 0.000000e+00
1.839473e+01, 0.000000e+00
1.813920e+01, 0.000000e+00
1.788552e+01, 0.000000e+00
1.763367e+01, 0.000000e+00
1.738365e+01, 0.000000e+00
1.713545e+01, 0.000000e+00
1.688906e+01, 0.000000e+00
1.664448e+01, 0.000000e+00
1.640169e+01, 0.000000e+00
1.616070e+01, 0.000000e+00
1.592149e+01, 0.000000e+00
1.568406e+01, 0.000000e+00
1.544841e+01, 0.000000e+00
1.521451e+01, 0.000000e+00
1.498238e+01, 0.000000e+00
1.475199e+01, 0.000000e+00
1.452335e+01, 0.000000e+00
1.429646e+01, 0.000000e+00
1.407130e+01, 0.000000e+00
1.384786e+01, 0.000000e+00
1.362616e+01, 0.000000e+00
1.340617e+01, 0.000000e+00
1.318790e+01, 0.000000e+00
1.297135e+01, 0.000000e+00
1.275650e+01, 0.000000e+00
1.254336e+01, 0.000000e+00
1.233192e+01, 0.000000e+00
1.212219e+01, 0.000000e+00
1.191415e+01, 0.000000e+00
1.170781e+01, 0.000000e+00
1.150316e+01, 0.000000e+00
1.130022e+01, 0.000000e+00
1.109896e+01, 0.000000e+00
1.089940e+01, 0.000000e+00
1.070154e+01, 0.000000e+00
1.050538e+01, 0.000000e+00
1.031091e+01, 0.000000e+00
1.011814e+01, 0.000000e+00
9.927070e+00, 0.000000e+00
9.737706e+00, 0.000000e+00
9.550049e+00, 0.000000e+00
9.364103e+00, 0.000000e+00
9.179871e+00, 0.000000e+00
8.997357e+00, 0.000000e+00
8.816566e+00, 0.000000e+00
8.637502e+00, 0.000000e+00
8.460172e+00, 0.000000e+00
8.284580e+00, 0.000000e+00
8.110732e+00, 0.000000e+00
7.938636e+00, 0.000000e+00
7.768296e+00, 0.000000e+00
7.599721e+00, 0.000000e+00
7.432918e+00, 0.000000e+00
7.267893e+00, 0.000000e+00
7.104654e+00, 0.000000e+00
6.943210e+00, 0.000000e+00
6.783568e+00, 0.000000e+00
6.625736e+00, 0.000000e+00
6.469723e+00, 0.000000e+00
6.315538e+00, 0.000000e+00
6.163188e+00, 0.000000e+00
6.012683e+00, 0.000000e+00
5.864032e+00, 0.000000e+00
5.717242e+00, 0.000000e+00
5.572323e+00, 0.000000e+00
5.429284e+00, 0.000000e+00
5.288132e+00, 0.000000e+00
5.148877e+00, 0.000000e+00
5.011528e+00, 0.000000e+00
4.876091e+00, 0.000000e+00
4.742576e+00, 0.000000e+00
4.610991e+00, 0.000000e+00
4.481343e+00, 0.000000e+00
4.353639e+00, 0.000000e+00
4.227887e+00, 0.000000e+00
4.104093e+00, 0.000000e+00
3.982264e+00, 0.000000e+00
3.862407e+00, 0.000000e+00
3.744525e+00, 0.000000e+00
3.628626e+00, 0.000000e+00
3.514714e+00, 0.000000e+00
3.402792e+00, 0.000000e+00
3.292864e+00, 0.000000e+00
3.184935e+00, 0.000000e+00
3.079006e+00, 0.000000e+00
2.975079e+00, 0.000000e+00
2.873156e+00, 0.000000e+00
2.773236e+00, 0.000000e+00
2.675322e+00, 0.000000e+00
2.579410e+00, 0.000000e+00
2.485501e+00, 0.000000e+00
2.393591e+00, 0.000000e+00
2.303679e+00, 0.000000e+00
2.215759e+00, 0.000000e+00
2.129828e+00, 0.000000e+00
2.045880e+00, 0.000000e+00
1.963908e+00, 0.000000e+00
1.883906e+00, 0.000000e+00
1.805865e+00, 0.000000e+00
1.729776e+00, 0.000000e+00
1.655630e+00, 0.000000e+00
1.583416e+00, 0.000000e+00
1.513121e+00, 0.000000e+00
1.444734e+00, 0.000000e+00
1.378241e+00, 0.000000e+00
1.313627e+00, 0.000000e+00
1.250876e+00, 0.000000e+00
1.189972e+00, 0.000000e+00
1.130898e+00, 0.000000e+00
1.073635e+00, 0.000000e+00
1.018163e+00, 0.000000e+00
9.644627e-01, 0.000000e+00
9.125124e-01, 0.000000e+00
8.622898e-01, 0.000000e+00
8.137716e-01, 0.000000e+00
7.669337e-01, 0.000000e+00
7.217509e-01, 0.000000e+00
6.781973e-01, 0.000000e+00
6.362459e-01, 0.000000e+00
5.958688e-01, 0.000000e+00
5.570375e-01, 0.000000e+00
##END= 
