##TITLE= Parameter file, TOPSPIN		Version 3.2
##JCAMPDX= 5.0
##DATATYPE= Parameter Values
##NPOINTS= 8	$$ modification sequence number
##ORIGIN= Bruker BioSpin GmbH
##OWNER= hashim
$$ 2020-06-07 15:06:42.524 -0400  hashim@CZC3510JM8
$$ C:/Bruker/TopSpin3.2/hashimi/hs_20200607_A2DNAtlb_6.8_HSQC_25C/102/pdata/1/clevels
$$ process C:\Bruker\TopSpin3.2\prog\mod\dataserver.exe
##$LEVELS= (0..255)
-4784356.06137733 -2657975.58965407 -1476653.10536337 -820362.836312986
-455757.131284992 -253198.40626944 -140665.7812608 -78147.656256 78147.656256
140665.7812608 253198.40626944 455757.131284992 820362.836312986 1476653.10536337
2657975.58965407 4784356.06137733 0 0 0 0 0 0 0 0 0 0 0 0 0 0 0 0 0 0 0
0 0 0 0 0 0 0 0 0 0 0 0 0 0 0 0 0 0 0 0 0 0 0 0 0 0 0 0 0 0 0 0 0 0 0 0
0 0 0 0 0 0 0 0 0 0 0 0 0 0 0 0 0 0 0 0 0 0 0 0 0 0 0 0 0 0 0 0 0 0 0 0
0 0 0 0 0 0 0 0 0 0 0 0 0 0 0 0 0 0 0 0 0 0 0 0 0 0 0 0 0 0 0 0 0 0 0 0
0 0 0 0 0 0 0 0 0 0 0 0 0 0 0 0 0 0 0 0 0 0 0 0 0 0 0 0 0 0 0 0 0 0 0 0
0 0 0 0 0 0 0 0 0 0 0 0 0 0 0 0 0 0 0 0 0 0 0 0 0 0 0 0 0 0 0 0 0 0 0 0
0 0 0 0 0 0 0 0 0 0 0 0 0 0 0 0 0 0 0 0 0 0 0 0 0 0 0 0 0 0 0 0 0 0 0 0
0 0 0 0 0
##$LEVSIGN= 3
##$MAXLEV= 8
##$METHOD= 0
##$NEGBASE= -78147.656256
##$NEGINCR= 1.8
##$POSBASE= 78147.656256
##$POSINCR= 1.8
##END=
