##TITLE= Parameter file, TOPSPIN		Version 3.1
##JCAMPDX= 5.0
##DATATYPE= Parameter Values
##NPOINTS= 8	$$ modification sequence number
##ORIGIN= Bruker BioSpin GmbH
##OWNER= hashimi
$$ 2019-05-08 20:57:19.947 -0400  hashimi@EP-10018760
$$ /opt/topspin3.1/hashimi/hs_20190508_A2-tbl-DNA_HSQC_5.4_25C/101/pdata/1/clevels
$$ process /opt/topspin3.1/prog/mod/dataserver
##$LEVELS= (0..255)
-1505150.60093262 -836194.778295902 -464552.654608835 -258084.808116019
-143380.448953344 -79655.80497408 -44253.2249856 -24585.124992 24585.124992
44253.2249856 79655.80497408 143380.448953344 258084.808116019 464552.654608835
836194.778295902 1505150.60093262 0 0 0 0 0 0 0 0 0 0 0 0 0 0 0 0 0 0 0
0 0 0 0 0 0 0 0 0 0 0 0 0 0 0 0 0 0 0 0 0 0 0 0 0 0 0 0 0 0 0 0 0 0 0 0
0 0 0 0 0 0 0 0 0 0 0 0 0 0 0 0 0 0 0 0 0 0 0 0 0 0 0 0 0 0 0 0 0 0 0 0
0 0 0 0 0 0 0 0 0 0 0 0 0 0 0 0 0 0 0 0 0 0 0 0 0 0 0 0 0 0 0 0 0 0 0 0
0 0 0 0 0 0 0 0 0 0 0 0 0 0 0 0 0 0 0 0 0 0 0 0 0 0 0 0 0 0 0 0 0 0 0 0
0 0 0 0 0 0 0 0 0 0 0 0 0 0 0 0 0 0 0 0 0 0 0 0 0 0 0 0 0 0 0 0 0 0 0 0
0 0 0 0 0 0 0 0 0 0 0 0 0 0 0 0 0 0 0 0 0 0 0 0 0 0 0 0 0 0 0 0 0 0 0 0
0 0 0 0 0
##$LEVSIGN= 3
##$MAXLEV= 8
##$METHOD= 0
##$NEGBASE= -24585.124992
##$NEGINCR= 1.8
##$POSBASE= 24585.124992
##$POSINCR= 1.8
##END=
