SIMFIT 1
1   424115069
2   421927550
3   419762780
4   417586463
5   415391224
6   413198545
7   410994439
8   408791356
9   406599738
10   404421914
11   402196986
12   399945399
13   397709979
14   395466443
15   393215154
16   390978830
17   388728755
18   386501569
19   384296361
20   382053459
21   379802164
22   377556731
23   375312469
24   373072899
25   370864440
26   368656857
27   366434760
28   364228670
29   362021078
30   359807881
31   357606015
32   355412328
33   353235044
34   351064191
35   348893886
36   346746793
37   344613731
38   342460747
39   340322148
40   338178767
41   336036470
42   333919473
43   331819158
44   329713577
45   327607816
46   325520203
47   323424521
48   321345092
49   319290335
50   317250093
51   315196124
52   313151228
53   311136597
54   309124526
55   307147023
56   305154568
57   303154747
58   301189793
59   299255636
60   297302557
61   295311610
62   293384616
63   291468671
64   289571428
65   287661269
66   285752691
67   283883151
68   282018964
69   280156147
70   278289611
71   276455052
72   274616549
73   272772480
74   270963330
75   269201124
76   267448872
77   265683335
78   263915121
79   262168235
80   260410681
81   258680749
82   256968418
83   255261745
84   253546145
85   251837039
86   250148367
87   248473583
88   246842493
89   245227424
90   243588614
91   241940527
92   240336225
93   238767906
94   237181843
95   235608559
96   234028254
97   232452556
98   230924766
99   229397204
100   227883064
101   226359414
102   224854441
103   223354443
104   221869031
105   220400786
106   218931471
107   217473552
108   216018648
109   214607285
110   213198173
111   211747470
112   210331596
113   208949433
114   207570318
115   206223921
116   204827259
117   203485554
118   202190262
119   200865047
120   199546018
121   198203892
122   196895445
123   195589368
124   194289515
125   193018695
126   191744093
127   190489826
128   189264311
129   188031139
130   186800175
131   185586787
132   184390555
133   183191442
134   182019150
135   180858782
136   179688200
137   178486804
138   177313957
139   176162368
140   175023882
141   173895696
142   172770201
143   171660819
144   170549031
145   169431338
146   168344120
147   167251698
148   166177731
149   165140164
150   164093284
151   163043927
152   162007339
153   160972507
154   159955752
155   158930584
156   157906419
157   156907990
158   155916093
159   154930076
160   153944822
161   152971693
162   152002894
163   151056767
164   150136769
165   149199820
166   148244956
167   147296768
168   146355252
169   145433880
170   144526157
171   143633222
172   142717987
173   141808249
174   140907106
175   140034644
176   139198007
177   138344925
178   137505786
179   136647582
180   135824800
181   134966957
182   134125963
183   133318103
184   132501649
185   131700602
186   130865556
187   130096541
188   129333053
189   128518389
190   127722518
191   126929813
192   126170936
193   125417088
194   124668899
195   123897172
196   123120646
197   122389264
198   121662986
199   120935398
200   120224252
201   119531380
202   118807177
203   118052133
204   117316566
205   116615300
206   115928176
207   115219992
208   114542089
209   113895133
210   113214115
211   112545386
212   111868589
213   111222105
214   110590283
215   109947004
216   109304065
217   108654668
218   108000069
219   107359225
220   106714565
221   106067927
222   105444722
223   104838787
224   104255033
225   103649633
226   103059452
227   102470986
228   101862592
229   101284538
230   100696122
231   100125570
232   99565513
233   98992393
234   98432001
