703
1 0 0
0 0 1
1 4.24115e+008 0
2 0 0
0 0 1
1 4.21928e+008 0
3 0 0
0 0 1
1 4.19763e+008 0
4 0 0
0 0 1
1 4.17586e+008 0
5 0 0
0 0 1
1 4.15391e+008 0
6 0 0
0 0 1
1 4.13199e+008 0
7 0 0
0 0 1
1 4.10994e+008 0
8 0 0
0 0 1
1 4.08791e+008 0
9 0 0
0 0 1
1 4.066e+008 0
10 0 0
0 0 1
1 4.04422e+008 0
11 0 0
0 0 1
1 4.02197e+008 0
12 0 0
0 0 1
1 3.99945e+008 0
13 0 0
0 0 1
1 3.9771e+008 0
14 0 0
0 0 1
1 3.95466e+008 0
15 0 0
0 0 1
1 3.93215e+008 0
16 0 0
0 0 1
1 3.90979e+008 0
17 0 0
0 0 1
1 3.88729e+008 0
18 0 0
0 0 1
1 3.86502e+008 0
19 0 0
0 0 1
1 3.84296e+008 0
20 0 0
0 0 1
1 3.82053e+008 0
21 0 0
0 0 1
1 3.79802e+008 0
22 0 0
0 0 1
1 3.77557e+008 0
23 0 0
0 0 1
1 3.75312e+008 0
24 0 0
0 0 1
1 3.73073e+008 0
25 0 0
0 0 1
1 3.70864e+008 0
26 0 0
0 0 1
1 3.68657e+008 0
27 0 0
0 0 1
1 3.66435e+008 0
28 0 0
0 0 1
1 3.64229e+008 0
29 0 0
0 0 1
1 3.62021e+008 0
30 0 0
0 0 1
1 3.59808e+008 0
31 0 0
0 0 1
1 3.57606e+008 0
32 0 0
0 0 1
1 3.55412e+008 0
33 0 0
0 0 1
1 3.53235e+008 0
34 0 0
0 0 1
1 3.51064e+008 0
35 0 0
0 0 1
1 3.48894e+008 0
36 0 0
0 0 1
1 3.46747e+008 0
37 0 0
0 0 1
1 3.44614e+008 0
38 0 0
0 0 1
1 3.42461e+008 0
39 0 0
0 0 1
1 3.40322e+008 0
40 0 0
0 0 1
1 3.38179e+008 0
41 0 0
0 0 1
1 3.36036e+008 0
42 0 0
0 0 1
1 3.33919e+008 0
43 0 0
0 0 1
1 3.31819e+008 0
44 0 0
0 0 1
1 3.29714e+008 0
45 0 0
0 0 1
1 3.27608e+008 0
46 0 0
0 0 1
1 3.2552e+008 0
47 0 0
0 0 1
1 3.23425e+008 0
48 0 0
0 0 1
1 3.21345e+008 0
49 0 0
0 0 1
1 3.1929e+008 0
50 0 0
0 0 1
1 3.1725e+008 0
51 0 0
0 0 1
1 3.15196e+008 0
52 0 0
0 0 1
1 3.13151e+008 0
53 0 0
0 0 1
1 3.11137e+008 0
54 0 0
0 0 1
1 3.09125e+008 0
55 0 0
0 0 1
1 3.07147e+008 0
56 0 0
0 0 1
1 3.05155e+008 0
57 0 0
0 0 1
1 3.03155e+008 0
58 0 0
0 0 1
1 3.0119e+008 0
59 0 0
0 0 1
1 2.99256e+008 0
60 0 0
0 0 1
1 2.97303e+008 0
61 0 0
0 0 1
1 2.95312e+008 0
62 0 0
0 0 1
1 2.93385e+008 0
63 0 0
0 0 1
1 2.91469e+008 0
64 0 0
0 0 1
1 2.89571e+008 0
65 0 0
0 0 1
1 2.87661e+008 0
66 0 0
0 0 1
1 2.85753e+008 0
67 0 0
0 0 1
1 2.83883e+008 0
68 0 0
0 0 1
1 2.82019e+008 0
69 0 0
0 0 1
1 2.80156e+008 0
70 0 0
0 0 1
1 2.7829e+008 0
71 0 0
0 0 1
1 2.76455e+008 0
72 0 0
0 0 1
1 2.74617e+008 0
73 0 0
0 0 1
1 2.72772e+008 0
74 0 0
0 0 1
1 2.70963e+008 0
75 0 0
0 0 1
1 2.69201e+008 0
76 0 0
0 0 1
1 2.67449e+008 0
77 0 0
0 0 1
1 2.65683e+008 0
78 0 0
0 0 1
1 2.63915e+008 0
79 0 0
0 0 1
1 2.62168e+008 0
80 0 0
0 0 1
1 2.60411e+008 0
81 0 0
0 0 1
1 2.58681e+008 0
82 0 0
0 0 1
1 2.56968e+008 0
83 0 0
0 0 1
1 2.55262e+008 0
84 0 0
0 0 1
1 2.53546e+008 0
85 0 0
0 0 1
1 2.51837e+008 0
86 0 0
0 0 1
1 2.50148e+008 0
87 0 0
0 0 1
1 2.48474e+008 0
88 0 0
0 0 1
1 2.46842e+008 0
89 0 0
0 0 1
1 2.45227e+008 0
90 0 0
0 0 1
1 2.43589e+008 0
91 0 0
0 0 1
1 2.41941e+008 0
92 0 0
0 0 1
1 2.40336e+008 0
93 0 0
0 0 1
1 2.38768e+008 0
94 0 0
0 0 1
1 2.37182e+008 0
95 0 0
0 0 1
1 2.35609e+008 0
96 0 0
0 0 1
1 2.34028e+008 0
97 0 0
0 0 1
1 2.32453e+008 0
98 0 0
0 0 1
1 2.30925e+008 0
99 0 0
0 0 1
1 2.29397e+008 0
100 0 0
0 0 1
1 2.27883e+008 0
101 0 0
0 0 1
1 2.26359e+008 0
102 0 0
0 0 1
1 2.24854e+008 0
103 0 0
0 0 1
1 2.23354e+008 0
104 0 0
0 0 1
1 2.21869e+008 0
105 0 0
0 0 1
1 2.20401e+008 0
106 0 0
0 0 1
1 2.18931e+008 0
107 0 0
0 0 1
1 2.17474e+008 0
108 0 0
0 0 1
1 2.16019e+008 0
109 0 0
0 0 1
1 2.14607e+008 0
110 0 0
0 0 1
1 2.13198e+008 0
111 0 0
0 0 1
1 2.11747e+008 0
112 0 0
0 0 1
1 2.10332e+008 0
113 0 0
0 0 1
1 2.08949e+008 0
114 0 0
0 0 1
1 2.0757e+008 0
115 0 0
0 0 1
1 2.06224e+008 0
116 0 0
0 0 1
1 2.04827e+008 0
117 0 0
0 0 1
1 2.03486e+008 0
118 0 0
0 0 1
1 2.0219e+008 0
119 0 0
0 0 1
1 2.00865e+008 0
120 0 0
0 0 1
1 1.99546e+008 0
121 0 0
0 0 1
1 1.98204e+008 0
122 0 0
0 0 1
1 1.96895e+008 0
123 0 0
0 0 1
1 1.95589e+008 0
124 0 0
0 0 1
1 1.9429e+008 0
125 0 0
0 0 1
1 1.93019e+008 0
126 0 0
0 0 1
1 1.91744e+008 0
127 0 0
0 0 1
1 1.9049e+008 0
128 0 0
0 0 1
1 1.89264e+008 0
129 0 0
0 0 1
1 1.88031e+008 0
130 0 0
0 0 1
1 1.868e+008 0
131 0 0
0 0 1
1 1.85587e+008 0
132 0 0
0 0 1
1 1.84391e+008 0
133 0 0
0 0 1
1 1.83191e+008 0
134 0 0
0 0 1
1 1.82019e+008 0
135 0 0
0 0 1
1 1.80859e+008 0
136 0 0
0 0 1
1 1.79688e+008 0
137 0 0
0 0 1
1 1.78487e+008 0
138 0 0
0 0 1
1 1.77314e+008 0
139 0 0
0 0 1
1 1.76162e+008 0
140 0 0
0 0 1
1 1.75024e+008 0
141 0 0
0 0 1
1 1.73896e+008 0
142 0 0
0 0 1
1 1.7277e+008 0
143 0 0
0 0 1
1 1.71661e+008 0
144 0 0
0 0 1
1 1.70549e+008 0
145 0 0
0 0 1
1 1.69431e+008 0
146 0 0
0 0 1
1 1.68344e+008 0
147 0 0
0 0 1
1 1.67252e+008 0
148 0 0
0 0 1
1 1.66178e+008 0
149 0 0
0 0 1
1 1.6514e+008 0
150 0 0
0 0 1
1 1.64093e+008 0
151 0 0
0 0 1
1 1.63044e+008 0
152 0 0
0 0 1
1 1.62007e+008 0
153 0 0
0 0 1
1 1.60973e+008 0
154 0 0
0 0 1
1 1.59956e+008 0
155 0 0
0 0 1
1 1.58931e+008 0
156 0 0
0 0 1
1 1.57906e+008 0
157 0 0
0 0 1
1 1.56908e+008 0
158 0 0
0 0 1
1 1.55916e+008 0
159 0 0
0 0 1
1 1.5493e+008 0
160 0 0
0 0 1
1 1.53945e+008 0
161 0 0
0 0 1
1 1.52972e+008 0
162 0 0
0 0 1
1 1.52003e+008 0
163 0 0
0 0 1
1 1.51057e+008 0
164 0 0
0 0 1
1 1.50137e+008 0
165 0 0
0 0 1
1 1.492e+008 0
166 0 0
0 0 1
1 1.48245e+008 0
167 0 0
0 0 1
1 1.47297e+008 0
168 0 0
0 0 1
1 1.46355e+008 0
169 0 0
0 0 1
1 1.45434e+008 0
170 0 0
0 0 1
1 1.44526e+008 0
171 0 0
0 0 1
1 1.43633e+008 0
172 0 0
0 0 1
1 1.42718e+008 0
173 0 0
0 0 1
1 1.41808e+008 0
174 0 0
0 0 1
1 1.40907e+008 0
175 0 0
0 0 1
1 1.40035e+008 0
176 0 0
0 0 1
1 1.39198e+008 0
177 0 0
0 0 1
1 1.38345e+008 0
178 0 0
0 0 1
1 1.37506e+008 0
179 0 0
0 0 1
1 1.36648e+008 0
180 0 0
0 0 1
1 1.35825e+008 0
181 0 0
0 0 1
1 1.34967e+008 0
182 0 0
0 0 1
1 1.34126e+008 0
183 0 0
0 0 1
1 1.33318e+008 0
184 0 0
0 0 1
1 1.32502e+008 0
185 0 0
0 0 1
1 1.31701e+008 0
186 0 0
0 0 1
1 1.30866e+008 0
187 0 0
0 0 1
1 1.30097e+008 0
188 0 0
0 0 1
1 1.29333e+008 0
189 0 0
0 0 1
1 1.28518e+008 0
190 0 0
0 0 1
1 1.27723e+008 0
191 0 0
0 0 1
1 1.2693e+008 0
192 0 0
0 0 1
1 1.26171e+008 0
193 0 0
0 0 1
1 1.25417e+008 0
194 0 0
0 0 1
1 1.24669e+008 0
195 0 0
0 0 1
1 1.23897e+008 0
196 0 0
0 0 1
1 1.23121e+008 0
197 0 0
0 0 1
1 1.22389e+008 0
198 0 0
0 0 1
1 1.21663e+008 0
199 0 0
0 0 1
1 1.20935e+008 0
200 0 0
0 0 1
1 1.20224e+008 0
201 0 0
0 0 1
1 1.19531e+008 0
202 0 0
0 0 1
1 1.18807e+008 0
203 0 0
0 0 1
1 1.18052e+008 0
204 0 0
0 0 1
1 1.17317e+008 0
205 0 0
0 0 1
1 1.16615e+008 0
206 0 0
0 0 1
1 1.15928e+008 0
207 0 0
0 0 1
1 1.1522e+008 0
208 0 0
0 0 1
1 1.14542e+008 0
209 0 0
0 0 1
1 1.13895e+008 0
210 0 0
0 0 1
1 1.13214e+008 0
211 0 0
0 0 1
1 1.12545e+008 0
212 0 0
0 0 1
1 1.11869e+008 0
213 0 0
0 0 1
1 1.11222e+008 0
214 0 0
0 0 1
1 1.1059e+008 0
215 0 0
0 0 1
1 1.09947e+008 0
216 0 0
0 0 1
1 1.09304e+008 0
217 0 0
0 0 1
1 1.08655e+008 0
218 0 0
0 0 1
1 1.08e+008 0
219 0 0
0 0 1
1 1.07359e+008 0
220 0 0
0 0 1
1 1.06715e+008 0
221 0 0
0 0 1
1 1.06068e+008 0
222 0 0
0 0 1
1 1.05445e+008 0
223 0 0
0 0 1
1 1.04839e+008 0
224 0 0
0 0 1
1 1.04255e+008 0
225 0 0
0 0 1
1 1.0365e+008 0
226 0 0
0 0 1
1 1.03059e+008 0
227 0 0
0 0 1
1 1.02471e+008 0
228 0 0
0 0 1
1 1.01863e+008 0
229 0 0
0 0 1
1 1.01285e+008 0
230 0 0
0 0 1
1 1.00696e+008 0
231 0 0
0 0 1
1 1.00126e+008 0
232 0 0
0 0 1
1 9.95655e+007 0
233 0 0
0 0 1
1 9.89924e+007 0
234 0 0
0 0 1
1 9.8432e+007 0
-1 0 0
