18.06999969	0.758888722
18.46999931	0.759277701
18.96999931	0.759861529
19.55999947	0.760015726
20.27000046	0.760543704
20.96999931	0.760933995
21.71999931	0.761632383
22.46999931	0.762383401
23.19000053	0.763287246
23.96999931	0.763905704
24.77000046	0.764909625
25.52000046	0.765713155
26.31999969	0.766555071
27.04000092	0.767710209
27.87000084	0.768682659
28.62000084	0.770132661
29.42000008	0.771259129
30.17000008	0.772726178
30.93000031	0.774483502
31.71999931	0.776177347
32.52000046	0.777584255
33.31999969	0.778655052
34.11999893	0.779949486
34.84000015	0.781500399
35.66999817	0.782932162
36.47000122	0.784229279
37.22000122	0.785923481
38.02000046	0.787265897
38.77999878	0.788697243
39.61999893	0.790194392
40.36999893	0.791964293
41.16999817	0.793650687
41.91999817	0.795408368
42.70000076	0.797347367
43.52000046	0.798974752
44.31999969	0.80088073
45.11999893	0.802748799
45.86999893	0.804628611
46.63999939	0.806411624
47.47000122	0.808313668
48.27000046	0.810488522
49.02000046	0.812677264
49.81999969	0.814444006
50.59000015	0.816398561
51.41999817	0.818369329
52.22000122	0.8206774
53.02000046	0.822970748
53.77000046	0.824841678
54.54000092	0.82713449
55.36999893	0.829115033
56.16999817	0.831527352
56.97000122	0.833484173
57.77000046	0.835918725
58.52000046	0.838187873
59.36999893	0.840047181
60.16999817	0.842309296
60.91999817	0.844587624
61.72000122	0.84652704
62.47000122	0.848313928
63.27000046	0.850211382
64.06999969	0.852065206
64.87000275	0.854086757
65.62000275	0.855969727
66.41999817	0.857825935
67.22000122	0.859528542
67.97000122	0.861331582
68.76999664	0.863042355
69.56999969	0.864731133
70.37000275	0.866033077
71.16999817	0.867668986
71.97000122	0.869442701
72.76999664	0.871107101
73.51000214	0.872575522
74.31999969	0.874082744
75.12000275	0.875490785
75.87000275	0.877045155
76.66999817	0.878369927
77.47000122	0.879987598
78.26999664	0.881181479
79.01999664	0.882525563
79.81999969	0.883843362
80.62000275	0.885284245
81.37000275	0.886469662
82.22000122	0.887780666
82.97000122	0.889307261
83.76999664	0.890328586
84.56999969	0.891772151
85.37000275	0.893112898
86.16999817	0.894494176
86.97000122	0.895635307
87.72000122	0.896835506
88.56999969	0.898220539
89.31999969	0.899493694
90.12000275	0.900954604
90.91999817	0.902358174
91.72000122	0.903569579
92.47000122	0.904884696
93.26999664	0.906354129
94.01999664	0.907503784
94.81999969	0.908872128
95.62000275	0.910198748
96.47000122	0.911394596
97.31999969	0.912512541
98.12000275	0.91413933
