Date : 9/19/2019	Time : 18:00:16	
C:\UVWINLAB\DNA81U1.SP	
15.00	0.6216
15.20	0.6216
15.40	0.6215
15.60	0.6215
15.80	0.6217
16.00	0.6219
16.20	0.6219
16.40	0.6218
16.60	0.6220
16.80	0.6219
17.00	0.6222
17.20	0.6220
17.40	0.6222
17.60	0.6223
17.80	0.6222
18.00	0.6224
18.20	0.6224
18.40	0.6226
18.60	0.6226
18.80	0.6228
19.00	0.6228
19.20	0.6229
19.40	0.6229
19.60	0.6230
19.80	0.6230
20.00	0.6231
20.20	0.6231
20.40	0.6231
20.60	0.6233
20.80	0.6233
21.00	0.6233
21.20	0.6234
21.40	0.6234
21.60	0.6233
21.80	0.6234
22.00	0.6234
22.20	0.6239
22.40	0.6235
22.60	0.6237
22.80	0.6236
23.00	0.6240
23.20	0.6240
23.40	0.6241
23.60	0.6242
23.80	0.6242
24.00	0.6243
24.20	0.6245
24.40	0.6244
24.60	0.6245
24.80	0.6245
25.00	0.6244
25.20	0.6244
25.40	0.6245
25.60	0.6245
25.80	0.6245
26.00	0.6246
26.20	0.6247
26.40	0.6247
26.60	0.6247
26.80	0.6248
27.00	0.6248
27.20	0.6250
27.40	0.6251
27.60	0.6251
27.80	0.6252
28.00	0.6253
28.20	0.6254
28.40	0.6256
28.60	0.6257
28.80	0.6258
29.00	0.6259
29.20	0.6259
29.40	0.6261
29.60	0.6264
29.80	0.6265
30.00	0.6267
30.20	0.6267
30.40	0.6269
30.60	0.6271
30.80	0.6273
31.00	0.6276
31.20	0.6278
31.40	0.6280
31.60	0.6280
31.80	0.6283
32.00	0.6284
32.20	0.6287
32.50	0.6291
32.70	0.6293
33.00	0.6295
33.20	0.6296
33.50	0.6299
33.70	0.6303
34.00	0.6307
34.20	0.6308
34.50	0.6310
34.70	0.6313
35.00	0.6315
35.20	0.6317
35.50	0.6320
35.70	0.6324
36.00	0.6325
36.20	0.6328
36.50	0.6332
36.70	0.6336
37.00	0.6337
37.20	0.6340
37.50	0.6343
37.70	0.6344
38.00	0.6350
38.20	0.6353
38.50	0.6356
38.70	0.6358
39.00	0.6361
39.20	0.6363
39.50	0.6369
39.70	0.6368
40.00	0.6375
40.20	0.6376
40.50	0.6378
40.70	0.6378
41.00	0.6389
41.20	0.6391
41.50	0.6395
41.70	0.6399
42.00	0.6404
42.20	0.6404
42.50	0.6411
42.70	0.6411
43.00	0.6417
43.20	0.6420
43.50	0.6428
43.70	0.6430
44.00	0.6433
44.20	0.6435
44.50	0.6442
44.70	0.6442
45.00	0.6453
45.20	0.6456
45.50	0.6459
45.70	0.6464
46.00	0.6469
46.20	0.6475
46.50	0.6480
46.70	0.6480
47.00	0.6484
47.20	0.6488
47.50	0.6495
47.70	0.6498
48.00	0.6504
48.20	0.6508
48.50	0.6517
48.70	0.6517
49.00	0.6526
49.20	0.6532
49.50	0.6538
49.70	0.6545
50.00	0.6549
50.20	0.6553
50.50	0.6561
50.70	0.6561
51.00	0.6580
51.20	0.6584
51.50	0.6588
51.70	0.6593
52.00	0.6601
52.20	0.6605
52.50	0.6614
52.70	0.6614
53.00	0.6624
53.20	0.6627
53.50	0.6636
53.70	0.6642
54.00	0.6650
54.20	0.6656
54.50	0.6663
54.70	0.6663
55.00	0.6675
55.20	0.6680
55.50	0.6689
55.70	0.6692
56.00	0.6703
56.20	0.6708
56.50	0.6718
56.70	0.6718
57.00	0.6728
57.20	0.6733
57.50	0.6743
57.70	0.6748
58.00	0.6756
58.20	0.6761
58.50	0.6770
58.70	0.6770
59.00	0.6784
59.20	0.6786
59.50	0.6797
59.70	0.6802
60.00	0.6808
60.20	0.6814
60.50	0.6823
60.70	0.6823
61.00	0.6840
61.20	0.6841
61.50	0.6851
61.70	0.6855
62.00	0.6861
62.20	0.6866
62.50	0.6875
62.70	0.6875
63.00	0.6886
63.20	0.6892
63.50	0.6897
63.70	0.6903
64.00	0.6910
64.20	0.6914
64.40	0.6920
64.70	0.6927
64.90	0.6932
65.20	0.6936
65.40	0.6940
65.70	0.6948
65.90	0.6950
66.20	0.6959
66.40	0.6963
66.70	0.6969
66.90	0.6973
67.20	0.6980
67.40	0.6984
67.70	0.6990
67.90	0.6990
68.20	0.7002
68.40	0.7007
68.70	0.7015
68.90	0.7018
69.20	0.7022
69.40	0.7023
69.70	0.7029
69.90	0.7029
70.20	0.7038
70.40	0.7044
70.70	0.7050
70.90	0.7052
71.20	0.7059
71.40	0.7061
71.70	0.7066
71.90	0.7066
72.20	0.7073
72.40	0.7076
72.70	0.7082
72.90	0.7084
73.20	0.7089
73.40	0.7091
73.70	0.7097
73.90	0.7097
74.20	0.7103
74.40	0.7107
74.70	0.7112
74.90	0.7115
75.20	0.7116
75.40	0.7120
75.70	0.7125
75.90	0.7125
76.20	0.7131
76.40	0.7133
76.70	0.7136
76.90	0.7140
77.20	0.7142
77.40	0.7143
77.70	0.7148
77.90	0.7148
78.20	0.7154
78.40	0.7158
78.70	0.7158
78.90	0.7161
79.20	0.7165
79.40	0.7165
79.70	0.7171
79.90	0.7171
80.20	0.7176
80.40	0.7176
80.70	0.7180
80.90	0.7183
81.20	0.7185
81.40	0.7190
81.70	0.7188
81.90	0.7188
82.20	0.7193
82.40	0.7195
82.70	0.7197
82.90	0.7201
83.20	0.7202
83.40	0.7204
83.70	0.7207
83.90	0.7207
84.20	0.7210
84.40	0.7211
84.70	0.7214
84.90	0.7214
85.20	0.7217
85.40	0.7217
85.70	0.7218
85.90	0.7218
86.20	0.7226
86.40	0.7225
86.70	0.7228
86.90	0.7230
87.20	0.7230
87.40	0.7230
87.70	0.7233
87.90	0.7233
88.30	0.7238
88.50	0.7236
88.70	0.7236
88.90	0.7238
89.20	0.7238
89.40	0.7240
89.70	0.7241
89.90	0.7242
90.20	0.7243
90.40	0.7244
90.70	0.7247
90.90	0.7249
91.20	0.7248
91.40	0.7251
91.70	0.7253
91.90	0.7253
92.20	0.7254
92.40	0.7256
92.70	0.7259
92.90	0.7260
93.20	0.7262
93.40	0.7260
93.70	0.7262
93.90	0.7262
94.20	0.7264
94.40	0.7264
94.70	0.7267
94.90	0.7268
95.20	0.7271
95.40	0.7272
95.70	0.7274
95.90	0.7274
96.20	0.7277
96.40	0.7276
96.70	0.7278
96.90	0.7278
97.20	0.7281
97.40	0.7281
