Date : 9/16/2019	Time : 18:31:07	
C:\UVWINLAB\DNA81U1.SP	
21.60	0.6365
21.80	0.6365
22.00	0.6365
22.20	0.6365
22.40	0.6366
22.60	0.6366
22.80	0.6366
23.00	0.6365
23.20	0.6367
23.40	0.6366
23.60	0.6367
23.80	0.6366
24.00	0.6367
24.20	0.6366
24.40	0.6366
24.60	0.6366
24.80	0.6368
25.00	0.6366
25.20	0.6367
25.40	0.6367
25.60	0.6366
25.80	0.6367
26.00	0.6368
26.20	0.6367
26.40	0.6367
26.60	0.6368
26.80	0.6367
27.00	0.6368
27.20	0.6369
27.40	0.6366
27.60	0.6368
27.80	0.6370
28.00	0.6369
28.20	0.6370
28.40	0.6370
28.60	0.6370
28.80	0.6370
29.00	0.6371
29.20	0.6370
29.40	0.6370
29.60	0.6371
29.80	0.6372
30.00	0.6371
30.20	0.6371
30.40	0.6371
30.60	0.6371
30.80	0.6373
31.00	0.6372
31.20	0.6373
31.40	0.6375
31.60	0.6374
31.80	0.6373
32.00	0.6376
32.20	0.6374
32.50	0.6375
32.70	0.6376
33.00	0.6376
33.20	0.6378
33.50	0.6377
33.70	0.6378
34.00	0.6379
34.20	0.6378
34.50	0.6380
34.70	0.6378
35.00	0.6380
35.20	0.6381
35.50	0.6382
35.70	0.6382
36.00	0.6383
36.20	0.6384
36.50	0.6385
36.70	0.6385
37.00	0.6386
37.20	0.6387
37.50	0.6387
37.70	0.6389
38.00	0.6390
38.20	0.6386
38.50	0.6390
38.70	0.6392
39.00	0.6392
39.20	0.6393
39.50	0.6393
39.70	0.6396
40.00	0.6396
40.20	0.6396
40.50	0.6400
40.70	0.6400
41.00	0.6401
41.20	0.6403
41.50	0.6402
41.70	0.6404
42.00	0.6406
42.20	0.6407
42.50	0.6409
42.70	0.6410
43.00	0.6412
43.20	0.6412
43.50	0.6412
43.70	0.6415
44.00	0.6416
44.20	0.6417
44.50	0.6420
44.70	0.6420
45.00	0.6422
45.20	0.6425
45.50	0.6427
45.70	0.6427
46.00	0.6429
46.20	0.6432
46.50	0.6434
46.70	0.6437
47.00	0.6437
47.20	0.6441
47.50	0.6443
47.70	0.6443
48.00	0.6448
48.20	0.6450
48.50	0.6453
48.70	0.6452
49.00	0.6455
49.20	0.6460
49.50	0.6466
49.70	0.6466
50.00	0.6478
50.20	0.6477
50.50	0.6481
50.70	0.6486
51.00	0.6491
51.20	0.6493
51.50	0.6498
51.70	0.6498
52.00	0.6504
52.20	0.6505
52.50	0.6510
52.70	0.6513
53.00	0.6521
53.20	0.6524
53.50	0.6531
53.70	0.6531
54.00	0.6541
54.20	0.6546
54.50	0.6553
54.70	0.6556
55.00	0.6565
55.20	0.6568
55.50	0.6577
55.70	0.6577
56.00	0.6591
56.20	0.6596
56.50	0.6605
56.70	0.6608
57.00	0.6620
57.20	0.6623
57.50	0.6636
57.70	0.6636
58.00	0.6651
58.20	0.6660
58.50	0.6668
58.70	0.6676
59.00	0.6686
59.20	0.6694
59.50	0.6705
59.70	0.6705
60.00	0.6725
60.20	0.6736
60.50	0.6745
60.70	0.6755
61.00	0.6766
61.20	0.6776
61.50	0.6788
61.70	0.6788
62.00	0.6811
62.20	0.6820
62.50	0.6836
62.70	0.6842
63.00	0.6858
63.20	0.6868
63.50	0.6882
63.70	0.6882
64.00	0.6903
64.20	0.6911
64.40	0.6919
64.70	0.6934
64.90	0.6942
65.20	0.6955
65.40	0.6963
65.70	0.6975
65.90	0.6984
66.20	0.6996
66.40	0.7005
66.70	0.7015
66.90	0.7024
67.20	0.7035
67.40	0.7041
67.70	0.7053
67.90	0.7059
68.20	0.7067
68.40	0.7073
68.70	0.7081
68.90	0.7088
69.20	0.7099
69.40	0.7105
69.70	0.7112
69.90	0.7119
70.20	0.7127
70.40	0.7131
70.70	0.7138
70.90	0.7144
71.20	0.7148
71.40	0.7154
71.70	0.7160
71.90	0.7164
72.20	0.7170
72.40	0.7174
72.70	0.7178
72.90	0.7178
73.20	0.7188
73.40	0.7190
73.70	0.7195
73.90	0.7198
74.20	0.7202
74.40	0.7207
74.70	0.7210
74.90	0.7210
75.20	0.7219
75.40	0.7221
75.70	0.7224
75.90	0.7227
76.20	0.7230
76.40	0.7234
76.70	0.7236
76.90	0.7236
77.20	0.7240
77.40	0.7243
77.70	0.7247
77.90	0.7249
78.20	0.7253
78.40	0.7256
78.70	0.7257
78.90	0.7257
79.20	0.7263
79.40	0.7266
79.70	0.7267
79.90	0.7268
80.20	0.7271
80.40	0.7273
80.70	0.7276
80.90	0.7276
81.20	0.7278
81.40	0.7278
81.70	0.7283
81.90	0.7284
82.20	0.7287
82.40	0.7289
82.70	0.7290
82.90	0.7290
83.20	0.7294
83.40	0.7296
83.70	0.7298
83.90	0.7299
84.20	0.7302
84.40	0.7302
84.70	0.7303
84.90	0.7303
85.20	0.7307
85.40	0.7308
85.70	0.7312
85.90	0.7312
86.20	0.7314
86.40	0.7315
86.70	0.7318
86.90	0.7318
87.20	0.7322
87.40	0.7319
87.70	0.7325
87.90	0.7325
88.20	0.7327
88.40	0.7328
88.70	0.7330
88.90	0.7330
89.20	0.7332
89.40	0.7333
89.70	0.7335
89.90	0.7336
90.20	0.7337
90.40	0.7338
90.70	0.7340
90.90	0.7340
91.20	0.7344
91.40	0.7345
91.70	0.7346
91.90	0.7347
92.20	0.7350
92.40	0.7349
92.70	0.7349
92.90	0.7349
93.20	0.7352
93.40	0.7353
93.70	0.7354
93.90	0.7355
94.20	0.7357
94.40	0.7358
94.70	0.7360
94.90	0.7360
95.20	0.7363
95.40	0.7363
95.70	0.7363
95.90	0.7364
96.20	0.7365
96.40	0.7365
96.70	0.7366
96.90	0.7366
97.20	0.7369
97.40	0.7368
