SIMFIT 1
1   215722388
2   214573414
3   213415387
4   212256190
5   211095152
6   209935093
7   208780785
8   207615893
9   206439895
10   205277099
11   204115787
12   202938993
13   201767817
14   200595242
15   199427863
16   198252266
17   197072945
18   195904566
19   194748828
20   193589400
21   192433250
22   191267955
23   190114621
24   188967506
25   187808455
26   186644725
27   185485887
28   184332775
29   183187020
30   182033555
31   180884443
32   179742284
33   178608928
34   177487810
35   176367668
36   175247850
37   174138503
38   173021903
39   171897141
40   170782218
41   169683360
42   168583979
43   167484224
44   166386734
45   165304333
46   164222900
47   163154391
48   162087788
49   161011342
50   159941103
51   158892900
52   157832112
53   156781803
54   155749562
55   154707315
56   153673409
57   152651834
58   151624084
59   150593844
60   149584105
61   148581417
62   147577168
63   146586999
64   145607563
65   144633346
66   143646986
67   142666894
68   141701597
69   140756325
70   139802479
71   138855203
72   137924474
73   136982886
74   136054382
75   135130849
76   134205957
77   133297487
78   132394817
79   131490359
80   130602006
81   129710812
82   128827440
83   127955121
84   127082710
85   126219635
86   125355862
87   124503290
88   123651410
89   122808225
90   121974765
91   121148402
92   120328105
93   119496285
94   118685373
95   117879224
96   117067480
97   116270362
98   115483350
99   114689544
100   113899224
101   113118360
102   112339585
103   111574561
104   110824686
105   110088986
106   109347145
107   108613864
108   107871922
109   107137858
110   106431067
111   105711900
112   104978809
113   104262803
114   103570973
115   102872087
116   102175037
117   101490065
118   100818639
119   100141614
120   99466725
121   98804507
122   98149208
123   97479539
124   96820846
125   96181326
126   95542747
127   94901373
128   94258742
129   93640945
130   93027169
131   92399390
132   91784474
133   91172275
134   90549991
135   89952009
136   89345639
137   88748801
138   88171174
139   87580016
140   87005816
141   86444864
142   85882756
143   85306037
144   84734967
145   84179631
146   83631023
147   83102069
148   82562676
149   82023908
150   81481310
151   80945645
152   80430899
153   79903188
154   79383061
155   78877603
156   78367752
157   77850306
158   77348738
159   76855506
160   76372393
161   75883736
162   75388671
163   74912624
164   74438179
165   73946706
166   73462779
167   72999997
168   72544296
169   72071670
170   71611849
171   71164965
172   70709968
173   70265278
174   69817929
175   69382202
176   68947123
177   68518243
178   68082588
179   67660817
180   67244667
181   66820772
182   66393307
183   65967947
184   65554083
185   65137777
186   64734579
187   64337220
188   63949101
189   63558440
190   63154907
191   62751579
192   62371967
193   61982497
194   61611323
195   61226477
196   60857359
197   60482029
198   60104734
199   59750112
200   59384246
201   59018049
202   58671732
203   58326662
204   57963938
205   57613112
206   57269926
207   56926056
208   56568917
209   56219183
210   55887940
211   55559513
212   55231993
213   54896532
214   54576622
215   54247361
216   53914491
217   53598990
218   53279522
219   52957914
220   52644649
221   52329204
222   52014409
223   51707469
224   51405985
225   51098745
226   50800853
227   50512586
228   50225633
