685
1 0 0
0 0 1
1 2.15722e+008 0
2 0 0
0 0 1
1 2.14573e+008 0
3 0 0
0 0 1
1 2.13415e+008 0
4 0 0
0 0 1
1 2.12256e+008 0
5 0 0
0 0 1
1 2.11095e+008 0
6 0 0
0 0 1
1 2.09935e+008 0
7 0 0
0 0 1
1 2.08781e+008 0
8 0 0
0 0 1
1 2.07616e+008 0
9 0 0
0 0 1
1 2.0644e+008 0
10 0 0
0 0 1
1 2.05277e+008 0
11 0 0
0 0 1
1 2.04116e+008 0
12 0 0
0 0 1
1 2.02939e+008 0
13 0 0
0 0 1
1 2.01768e+008 0
14 0 0
0 0 1
1 2.00595e+008 0
15 0 0
0 0 1
1 1.99428e+008 0
16 0 0
0 0 1
1 1.98252e+008 0
17 0 0
0 0 1
1 1.97073e+008 0
18 0 0
0 0 1
1 1.95905e+008 0
19 0 0
0 0 1
1 1.94749e+008 0
20 0 0
0 0 1
1 1.93589e+008 0
21 0 0
0 0 1
1 1.92433e+008 0
22 0 0
0 0 1
1 1.91268e+008 0
23 0 0
0 0 1
1 1.90115e+008 0
24 0 0
0 0 1
1 1.88968e+008 0
25 0 0
0 0 1
1 1.87808e+008 0
26 0 0
0 0 1
1 1.86645e+008 0
27 0 0
0 0 1
1 1.85486e+008 0
28 0 0
0 0 1
1 1.84333e+008 0
29 0 0
0 0 1
1 1.83187e+008 0
30 0 0
0 0 1
1 1.82034e+008 0
31 0 0
0 0 1
1 1.80884e+008 0
32 0 0
0 0 1
1 1.79742e+008 0
33 0 0
0 0 1
1 1.78609e+008 0
34 0 0
0 0 1
1 1.77488e+008 0
35 0 0
0 0 1
1 1.76368e+008 0
36 0 0
0 0 1
1 1.75248e+008 0
37 0 0
0 0 1
1 1.74138e+008 0
38 0 0
0 0 1
1 1.73022e+008 0
39 0 0
0 0 1
1 1.71897e+008 0
40 0 0
0 0 1
1 1.70782e+008 0
41 0 0
0 0 1
1 1.69683e+008 0
42 0 0
0 0 1
1 1.68584e+008 0
43 0 0
0 0 1
1 1.67484e+008 0
44 0 0
0 0 1
1 1.66387e+008 0
45 0 0
0 0 1
1 1.65304e+008 0
46 0 0
0 0 1
1 1.64223e+008 0
47 0 0
0 0 1
1 1.63154e+008 0
48 0 0
0 0 1
1 1.62088e+008 0
49 0 0
0 0 1
1 1.61011e+008 0
50 0 0
0 0 1
1 1.59941e+008 0
51 0 0
0 0 1
1 1.58893e+008 0
52 0 0
0 0 1
1 1.57832e+008 0
53 0 0
0 0 1
1 1.56782e+008 0
54 0 0
0 0 1
1 1.5575e+008 0
55 0 0
0 0 1
1 1.54707e+008 0
56 0 0
0 0 1
1 1.53673e+008 0
57 0 0
0 0 1
1 1.52652e+008 0
58 0 0
0 0 1
1 1.51624e+008 0
59 0 0
0 0 1
1 1.50594e+008 0
60 0 0
0 0 1
1 1.49584e+008 0
61 0 0
0 0 1
1 1.48581e+008 0
62 0 0
0 0 1
1 1.47577e+008 0
63 0 0
0 0 1
1 1.46587e+008 0
64 0 0
0 0 1
1 1.45608e+008 0
65 0 0
0 0 1
1 1.44633e+008 0
66 0 0
0 0 1
1 1.43647e+008 0
67 0 0
0 0 1
1 1.42667e+008 0
68 0 0
0 0 1
1 1.41702e+008 0
69 0 0
0 0 1
1 1.40756e+008 0
70 0 0
0 0 1
1 1.39802e+008 0
71 0 0
0 0 1
1 1.38855e+008 0
72 0 0
0 0 1
1 1.37924e+008 0
73 0 0
0 0 1
1 1.36983e+008 0
74 0 0
0 0 1
1 1.36054e+008 0
75 0 0
0 0 1
1 1.35131e+008 0
76 0 0
0 0 1
1 1.34206e+008 0
77 0 0
0 0 1
1 1.33297e+008 0
78 0 0
0 0 1
1 1.32395e+008 0
79 0 0
0 0 1
1 1.3149e+008 0
80 0 0
0 0 1
1 1.30602e+008 0
81 0 0
0 0 1
1 1.29711e+008 0
82 0 0
0 0 1
1 1.28827e+008 0
83 0 0
0 0 1
1 1.27955e+008 0
84 0 0
0 0 1
1 1.27083e+008 0
85 0 0
0 0 1
1 1.2622e+008 0
86 0 0
0 0 1
1 1.25356e+008 0
87 0 0
0 0 1
1 1.24503e+008 0
88 0 0
0 0 1
1 1.23651e+008 0
89 0 0
0 0 1
1 1.22808e+008 0
90 0 0
0 0 1
1 1.21975e+008 0
91 0 0
0 0 1
1 1.21148e+008 0
92 0 0
0 0 1
1 1.20328e+008 0
93 0 0
0 0 1
1 1.19496e+008 0
94 0 0
0 0 1
1 1.18685e+008 0
95 0 0
0 0 1
1 1.17879e+008 0
96 0 0
0 0 1
1 1.17067e+008 0
97 0 0
0 0 1
1 1.1627e+008 0
98 0 0
0 0 1
1 1.15483e+008 0
99 0 0
0 0 1
1 1.1469e+008 0
100 0 0
0 0 1
1 1.13899e+008 0
101 0 0
0 0 1
1 1.13118e+008 0
102 0 0
0 0 1
1 1.1234e+008 0
103 0 0
0 0 1
1 1.11575e+008 0
104 0 0
0 0 1
1 1.10825e+008 0
105 0 0
0 0 1
1 1.10089e+008 0
106 0 0
0 0 1
1 1.09347e+008 0
107 0 0
0 0 1
1 1.08614e+008 0
108 0 0
0 0 1
1 1.07872e+008 0
109 0 0
0 0 1
1 1.07138e+008 0
110 0 0
0 0 1
1 1.06431e+008 0
111 0 0
0 0 1
1 1.05712e+008 0
112 0 0
0 0 1
1 1.04979e+008 0
113 0 0
0 0 1
1 1.04263e+008 0
114 0 0
0 0 1
1 1.03571e+008 0
115 0 0
0 0 1
1 1.02872e+008 0
116 0 0
0 0 1
1 1.02175e+008 0
117 0 0
0 0 1
1 1.0149e+008 0
118 0 0
0 0 1
1 1.00819e+008 0
119 0 0
0 0 1
1 1.00142e+008 0
120 0 0
0 0 1
1 9.94667e+007 0
121 0 0
0 0 1
1 9.88045e+007 0
122 0 0
0 0 1
1 9.81492e+007 0
123 0 0
0 0 1
1 9.74795e+007 0
124 0 0
0 0 1
1 9.68208e+007 0
125 0 0
0 0 1
1 9.61813e+007 0
126 0 0
0 0 1
1 9.55427e+007 0
127 0 0
0 0 1
1 9.49014e+007 0
128 0 0
0 0 1
1 9.42587e+007 0
129 0 0
0 0 1
1 9.36409e+007 0
130 0 0
0 0 1
1 9.30272e+007 0
131 0 0
0 0 1
1 9.23994e+007 0
132 0 0
0 0 1
1 9.17845e+007 0
133 0 0
0 0 1
1 9.11723e+007 0
134 0 0
0 0 1
1 9.055e+007 0
135 0 0
0 0 1
1 8.9952e+007 0
136 0 0
0 0 1
1 8.93456e+007 0
137 0 0
0 0 1
1 8.87488e+007 0
138 0 0
0 0 1
1 8.81712e+007 0
139 0 0
0 0 1
1 8.758e+007 0
140 0 0
0 0 1
1 8.70058e+007 0
141 0 0
0 0 1
1 8.64449e+007 0
142 0 0
0 0 1
1 8.58828e+007 0
143 0 0
0 0 1
1 8.5306e+007 0
144 0 0
0 0 1
1 8.4735e+007 0
145 0 0
0 0 1
1 8.41796e+007 0
146 0 0
0 0 1
1 8.3631e+007 0
147 0 0
0 0 1
1 8.31021e+007 0
148 0 0
0 0 1
1 8.25627e+007 0
149 0 0
0 0 1
1 8.20239e+007 0
150 0 0
0 0 1
1 8.14813e+007 0
151 0 0
0 0 1
1 8.09456e+007 0
152 0 0
0 0 1
1 8.04309e+007 0
153 0 0
0 0 1
1 7.99032e+007 0
154 0 0
0 0 1
1 7.93831e+007 0
155 0 0
0 0 1
1 7.88776e+007 0
156 0 0
0 0 1
1 7.83678e+007 0
157 0 0
0 0 1
1 7.78503e+007 0
158 0 0
0 0 1
1 7.73487e+007 0
159 0 0
0 0 1
1 7.68555e+007 0
160 0 0
0 0 1
1 7.63724e+007 0
161 0 0
0 0 1
1 7.58837e+007 0
162 0 0
0 0 1
1 7.53887e+007 0
163 0 0
0 0 1
1 7.49126e+007 0
164 0 0
0 0 1
1 7.44382e+007 0
165 0 0
0 0 1
1 7.39467e+007 0
166 0 0
0 0 1
1 7.34628e+007 0
167 0 0
0 0 1
1 7.3e+007 0
168 0 0
0 0 1
1 7.25443e+007 0
169 0 0
0 0 1
1 7.20717e+007 0
170 0 0
0 0 1
1 7.16118e+007 0
171 0 0
0 0 1
1 7.1165e+007 0
172 0 0
0 0 1
1 7.071e+007 0
173 0 0
0 0 1
1 7.02653e+007 0
174 0 0
0 0 1
1 6.98179e+007 0
175 0 0
0 0 1
1 6.93822e+007 0
176 0 0
0 0 1
1 6.89471e+007 0
177 0 0
0 0 1
1 6.85182e+007 0
178 0 0
0 0 1
1 6.80826e+007 0
179 0 0
0 0 1
1 6.76608e+007 0
180 0 0
0 0 1
1 6.72447e+007 0
181 0 0
0 0 1
1 6.68208e+007 0
182 0 0
0 0 1
1 6.63933e+007 0
183 0 0
0 0 1
1 6.59679e+007 0
184 0 0
0 0 1
1 6.55541e+007 0
185 0 0
0 0 1
1 6.51378e+007 0
186 0 0
0 0 1
1 6.47346e+007 0
187 0 0
0 0 1
1 6.43372e+007 0
188 0 0
0 0 1
1 6.39491e+007 0
189 0 0
0 0 1
1 6.35584e+007 0
190 0 0
0 0 1
1 6.31549e+007 0
191 0 0
0 0 1
1 6.27516e+007 0
192 0 0
0 0 1
1 6.2372e+007 0
193 0 0
0 0 1
1 6.19825e+007 0
194 0 0
0 0 1
1 6.16113e+007 0
195 0 0
0 0 1
1 6.12265e+007 0
196 0 0
0 0 1
1 6.08574e+007 0
197 0 0
0 0 1
1 6.0482e+007 0
198 0 0
0 0 1
1 6.01047e+007 0
199 0 0
0 0 1
1 5.97501e+007 0
200 0 0
0 0 1
1 5.93842e+007 0
201 0 0
0 0 1
1 5.9018e+007 0
202 0 0
0 0 1
1 5.86717e+007 0
203 0 0
0 0 1
1 5.83267e+007 0
204 0 0
0 0 1
1 5.79639e+007 0
205 0 0
0 0 1
1 5.76131e+007 0
206 0 0
0 0 1
1 5.72699e+007 0
207 0 0
0 0 1
1 5.69261e+007 0
208 0 0
0 0 1
1 5.65689e+007 0
209 0 0
0 0 1
1 5.62192e+007 0
210 0 0
0 0 1
1 5.58879e+007 0
211 0 0
0 0 1
1 5.55595e+007 0
212 0 0
0 0 1
1 5.5232e+007 0
213 0 0
0 0 1
1 5.48965e+007 0
214 0 0
0 0 1
1 5.45766e+007 0
215 0 0
0 0 1
1 5.42474e+007 0
216 0 0
0 0 1
1 5.39145e+007 0
217 0 0
0 0 1
1 5.3599e+007 0
218 0 0
0 0 1
1 5.32795e+007 0
219 0 0
0 0 1
1 5.29579e+007 0
220 0 0
0 0 1
1 5.26446e+007 0
221 0 0
0 0 1
1 5.23292e+007 0
222 0 0
0 0 1
1 5.20144e+007 0
223 0 0
0 0 1
1 5.17075e+007 0
224 0 0
0 0 1
1 5.1406e+007 0
225 0 0
0 0 1
1 5.10987e+007 0
226 0 0
0 0 1
1 5.08009e+007 0
227 0 0
0 0 1
1 5.05126e+007 0
228 0 0
0 0 1
1 5.02256e+007 0
-1 0 0
