##TITLE= Parameter file, TOPSPIN		Version 3.1
##JCAMPDX= 5.0
##DATATYPE= Parameter Values
##NPOINTS= 8	$$ modification sequence number
##ORIGIN= Bruker BioSpin GmbH
##OWNER= hashimi
$$ 2018-06-19 22:08:29.109 -0400  hashimi@EP-10018760
$$ /opt/topspin3.1/hashimi/Henry-061818-A2DNA-m1A1617-pH6.8-10C-150NaCl/10/pdata/1/clevels
$$ process /opt/topspin3.1/prog/mod/dataserver
##$LEVELS= (0..255)
-1327809.59027289 -737671.994596049 -409817.774775583 -227676.54154199
-126486.967523328 -70270.53751296 -39039.1875072 -21688.437504 21688.437504
39039.1875072 70270.53751296 126486.967523328 227676.54154199 409817.774775583
737671.994596049 1327809.59027289 0 0 0 0 0 0 0 0 0 0 0 0 0 0 0 0 0 0 0
0 0 0 0 0 0 0 0 0 0 0 0 0 0 0 0 0 0 0 0 0 0 0 0 0 0 0 0 0 0 0 0 0 0 0 0
0 0 0 0 0 0 0 0 0 0 0 0 0 0 0 0 0 0 0 0 0 0 0 0 0 0 0 0 0 0 0 0 0 0 0 0
0 0 0 0 0 0 0 0 0 0 0 0 0 0 0 0 0 0 0 0 0 0 0 0 0 0 0 0 0 0 0 0 0 0 0 0
0 0 0 0 0 0 0 0 0 0 0 0 0 0 0 0 0 0 0 0 0 0 0 0 0 0 0 0 0 0 0 0 0 0 0 0
0 0 0 0 0 0 0 0 0 0 0 0 0 0 0 0 0 0 0 0 0 0 0 0 0 0 0 0 0 0 0 0 0 0 0 0
0 0 0 0 0 0 0 0 0 0 0 0 0 0 0 0 0 0 0 0 0 0 0 0 0 0 0 0 0 0 0 0 0 0 0 0
0 0 0 0 0
##$LEVSIGN= 3
##$MAXLEV= 8
##$METHOD= 0
##$NEGBASE= -21688.437504
##$NEGINCR= 1.8
##$POSBASE= 21688.437504
##$POSINCR= 1.8
##END=
