Date : 8/9/2019	Time : 16:44:43	
C:\UVWINLAB\CG171U1.SP	
15.00	0.5824
15.20	0.5823
15.40	0.5823
15.60	0.5825
15.80	0.5827
16.00	0.5824
16.20	0.5826
16.40	0.5826
16.60	0.5828
16.80	0.5826
17.00	0.5828
17.20	0.5827
17.40	0.5828
17.60	0.5828
17.80	0.5826
18.00	0.5827
18.20	0.5826
18.40	0.5828
18.60	0.5828
18.80	0.5827
19.00	0.5828
19.20	0.5829
19.40	0.5829
19.60	0.5832
19.80	0.5830
20.00	0.5830
20.20	0.5831
20.40	0.5831
20.60	0.5832
20.80	0.5833
21.00	0.5834
21.20	0.5834
21.40	0.5833
21.60	0.5837
21.80	0.5837
22.00	0.5836
22.20	0.5838
22.40	0.5839
22.60	0.5840
22.80	0.5840
23.00	0.5841
23.20	0.5841
23.40	0.5843
23.60	0.5843
23.80	0.5844
24.00	0.5846
24.20	0.5845
24.40	0.5846
24.60	0.5847
24.80	0.5848
25.00	0.5849
25.20	0.5850
25.40	0.5851
25.60	0.5853
25.80	0.5853
26.00	0.5855
26.20	0.5855
26.40	0.5856
26.60	0.5859
26.80	0.5861
27.00	0.5862
27.20	0.5862
27.40	0.5865
27.60	0.5866
27.80	0.5867
28.00	0.5867
28.20	0.5870
28.40	0.5873
28.60	0.5874
28.80	0.5875
29.00	0.5878
29.20	0.5878
29.40	0.5881
29.60	0.5883
29.80	0.5883
30.00	0.5884
30.20	0.5887
30.40	0.5888
30.60	0.5889
30.80	0.5890
31.00	0.5893
31.20	0.5896
31.40	0.5896
31.60	0.5898
31.80	0.5899
32.00	0.5904
32.20	0.5904
32.50	0.5908
32.70	0.5910
33.00	0.5914
33.20	0.5916
33.50	0.5920
33.70	0.5920
34.00	0.5924
34.20	0.5927
34.50	0.5932
34.70	0.5935
35.00	0.5940
35.20	0.5945
35.50	0.5950
35.70	0.5951
36.00	0.5956
36.20	0.5959
36.50	0.5964
36.70	0.5967
37.00	0.5972
37.20	0.5976
37.50	0.5981
37.70	0.5988
38.00	0.5995
38.20	0.5998
38.50	0.6006
38.70	0.6011
39.00	0.6019
39.20	0.6024
39.50	0.6033
39.70	0.6038
40.00	0.6048
40.20	0.6056
40.50	0.6062
40.70	0.6062
41.00	0.6080
41.20	0.6088
41.50	0.6099
41.70	0.6104
42.00	0.6115
42.20	0.6124
42.50	0.6134
42.70	0.6134
43.00	0.6158
43.20	0.6165
43.50	0.6180
43.70	0.6190
44.00	0.6202
44.20	0.6209
44.50	0.6224
44.70	0.6224
45.00	0.6252
45.20	0.6263
45.50	0.6280
45.70	0.6292
46.00	0.6308
46.20	0.6317
46.50	0.6339
46.70	0.6339
47.00	0.6366
47.20	0.6378
47.50	0.6395
47.70	0.6408
48.00	0.6427
48.20	0.6437
48.50	0.6460
48.70	0.6460
49.00	0.6490
49.20	0.6499
49.50	0.6517
49.70	0.6529
50.00	0.6550
50.20	0.6560
50.50	0.6579
50.70	0.6579
51.00	0.6610
51.20	0.6622
51.50	0.6638
51.70	0.6651
52.00	0.6665
52.20	0.6673
52.50	0.6691
52.70	0.6691
53.00	0.6711
53.20	0.6721
53.50	0.6732
53.70	0.6740
54.00	0.6752
54.20	0.6760
54.50	0.6772
54.70	0.6772
55.00	0.6786
55.20	0.6793
55.50	0.6804
55.70	0.6811
56.00	0.6818
56.20	0.6824
56.50	0.6829
56.70	0.6829
57.00	0.6842
57.20	0.6848
57.50	0.6853
57.70	0.6858
58.00	0.6865
58.20	0.6868
58.50	0.6874
58.70	0.6874
59.00	0.6884
59.20	0.6886
59.50	0.6892
59.70	0.6893
60.00	0.6898
60.20	0.6903
60.50	0.6906
60.70	0.6906
61.00	0.6914
61.20	0.6917
61.50	0.6920
61.70	0.6923
62.00	0.6927
62.20	0.6930
62.50	0.6933
62.70	0.6933
63.00	0.6939
63.20	0.6942
63.50	0.6944
63.70	0.6948
64.00	0.6953
64.20	0.6956
64.40	0.6958
64.70	0.6962
64.90	0.6964
65.20	0.6968
65.40	0.6970
65.70	0.6973
65.90	0.6976
66.20	0.6979
66.40	0.6983
66.70	0.6987
66.90	0.6991
67.20	0.6992
67.40	0.6995
67.70	0.6998
67.90	0.6998
68.20	0.7000
68.40	0.7001
68.70	0.7007
68.90	0.7010
69.20	0.7013
69.40	0.7014
69.70	0.7017
69.90	0.7017
70.20	0.7021
70.40	0.7023
70.70	0.7025
70.90	0.7027
71.20	0.7031
71.40	0.7031
71.70	0.7035
71.90	0.7035
72.20	0.7038
72.40	0.7039
72.70	0.7044
72.90	0.7044
73.20	0.7047
73.40	0.7051
73.70	0.7052
73.90	0.7052
74.20	0.7055
74.40	0.7056
74.70	0.7059
74.90	0.7061
75.20	0.7062
75.40	0.7064
75.70	0.7067
75.90	0.7067
76.20	0.7070
76.40	0.7070
76.70	0.7071
76.90	0.7074
77.20	0.7077
77.40	0.7077
77.70	0.7080
77.90	0.7080
78.20	0.7086
78.40	0.7086
78.70	0.7088
78.90	0.7090
79.20	0.7093
79.40	0.7092
79.70	0.7094
79.90	0.7094
80.20	0.7096
80.40	0.7100
80.70	0.7101
80.90	0.7102
81.20	0.7105
81.40	0.7105
81.70	0.7109
81.90	0.7109
82.20	0.7111
82.40	0.7111
82.70	0.7114
82.90	0.7116
83.20	0.7117
83.40	0.7120
83.70	0.7120
83.90	0.7120
84.20	0.7125
84.40	0.7126
84.70	0.7127
84.90	0.7128
85.20	0.7131
85.40	0.7130
85.70	0.7135
85.90	0.7135
86.20	0.7136
86.40	0.7137
86.70	0.7139
86.90	0.7141
87.20	0.7144
87.40	0.7146
87.70	0.7145
87.90	0.7145
88.20	0.7150
88.40	0.7150
88.70	0.7152
88.90	0.7151
89.20	0.7154
89.40	0.7157
89.70	0.7157
89.90	0.7157
90.20	0.7161
90.40	0.7163
90.70	0.7162
90.90	0.7166
91.20	0.7167
91.40	0.7168
91.70	0.7167
