##TITLE= Parameter file, TOPSPIN		Version 3.2
##JCAMPDX= 5.0
##DATATYPE= Parameter Values
##NPOINTS= 8	$$ modification sequence number
##ORIGIN= Bruker BioSpin GmbH
##OWNER= hashim
$$ 2016-09-21 08:52:59.545 -0400  hashim@CZC3510JM8
$$ C:/Bruker/TopSpin3.2/hashimi/hs_20160921_A6dsDNA/5/pdata/1/clevels
$$ process C:\Bruker\TopSpin3.2\prog\mod\dataserver.exe
##$LEVELS= (0..255)
-675587.67539951 -375326.486333061 -208514.714629478 -115841.508127488
-64356.39340416 -35753.5518912 -19863.084384 -11035.04688 11035.04688 19863.084384
35753.5518912 64356.39340416 115841.508127488 208514.714629478 375326.486333061
675587.67539951 0 0 0 0 0 0 0 0 0 0 0 0 0 0 0 0 0 0 0 0 0 0 0 0 0 0 0 0
0 0 0 0 0 0 0 0 0 0 0 0 0 0 0 0 0 0 0 0 0 0 0 0 0 0 0 0 0 0 0 0 0 0 0 0
0 0 0 0 0 0 0 0 0 0 0 0 0 0 0 0 0 0 0 0 0 0 0 0 0 0 0 0 0 0 0 0 0 0 0 0
0 0 0 0 0 0 0 0 0 0 0 0 0 0 0 0 0 0 0 0 0 0 0 0 0 0 0 0 0 0 0 0 0 0 0 0
0 0 0 0 0 0 0 0 0 0 0 0 0 0 0 0 0 0 0 0 0 0 0 0 0 0 0 0 0 0 0 0 0 0 0 0
0 0 0 0 0 0 0 0 0 0 0 0 0 0 0 0 0 0 0 0 0 0 0 0 0 0 0 0 0 0 0 0 0 0 0 0
0 0 0 0 0 0 0 0 0 0 0 0 0 0 0 0 0 0 0 0 0 0 0 0 0 0 0 0 0 0 0 0
##$LEVSIGN= 3
##$MAXLEV= 8
##$METHOD= 0
##$NEGBASE= -11035.04688
##$NEGINCR= 1.8
##$POSBASE= 11035.04688
##$POSINCR= 1.8
##END=
