      Assignment         w1         w2   Data Height 

              ?-?      7.378      2.074    140441792 
              ?-?      6.196      2.756     56626476 
              ?-?      7.225      1.939     96125104 
         C1H1'-H6      5.688      7.573     51459840 
       C1H1'-G2H8      5.684      7.933     23661008 
          C1H5-H6      5.869      7.568    210431184 
         G2H1'-H8      5.514      7.932     42434300 
       G2H1'-A3H8      5.513      8.252    109570944 
         A3H1'-H2      6.306      7.844     13856291 
         A3H1'-H8      6.311      8.252     47366156 
       A3H1'-T4H6      6.311      7.160     75513296 
         T4H1'-H6      5.953      7.160     47953096 
       T4H1'-T5H6      5.951      7.432     48668696 
         T8H1'-H6      6.103      7.377     83669680 
       T8H1'-T9H6      6.107      7.225     28090372 
      T8H6-m3T9H3      7.376      2.755     14550942 
         T9H1'-H6      5.901      7.225     75442800 
      T9H1'-G10H8      5.899      7.845     21393494 
        T9M3H6-H3      7.222      2.756     12479914 
     G10H1-m3T9H3     12.947      2.756     13413777 
        G10H1'-H8      5.592      7.845     49455880 
     G10H1'-G11H8      5.592      7.721     52606200 
        G11H1'-H8      5.905      7.721     25448632 
         C12H5-H6      5.429      7.432    288933984 
        G13H1'-H8      5.998      7.972     19721624 
     G13H1'-C14H6      5.995      7.495     34257172 
        C14H1'-H6      6.027      7.491     27791744 
     C14H1'-C15H6      6.027      7.453     23309264 
         C14H5-H6      5.429      7.491     86400440 
        C15H1'-H6      5.767      7.451     39411476 
     C15H1'-A16H8      5.772      7.994     25067496 
    C15H4a-T9MeH3      7.016      2.756     35288332 
    C15H4b-m3T9H3      8.611      2.757     37918480 
         C15H5-H6      5.686      7.451    270176672 
        A16H1'-H8      5.683      7.994     56550216 
     A16H1'-A17H8      5.685      7.957     48946484 
     A16H2-m3T9H3      7.424      2.756     19251836 
        A17H1'-H2      5.492      7.137     11870351 
        A17H1'-H8      5.491      7.953     42453824 
     A17H1'-A18H8      5.493      8.001     42835116 
     A17H2-m3T9H3      7.141      2.757     17364352 
        A19H1'-H2      5.796      7.053     15919954 
        A19H1'-H8      5.799      7.959     36968856 
     A19H1'-A20H8      5.798      7.930     65762992 
        A20H1'-H2      5.885      6.952     15074004 
        A20H1'-H8      5.891      7.930     34876056 
     A20H1'-A21H8      5.890      7.968     64160808 
        A21H1'-H2      6.071      7.610     15131390 
        A21H1'-H8      6.070      7.968     30952352 
        T22H1'-H6      5.889      7.043     52323892 
     T22H1'-C23H6      5.891      7.428     52291156 
     T22H6-A21H1'      6.073      7.042     60231556 
        C23H1'-H6      5.727      7.426     33697456 
     C23H1'-G24H8      5.728      7.928     20953552 
         C23H5-H6      5.588      7.424    228917056 
        G24H1'-H8      6.151      7.925     33511648 
