SIMFIT 1
1   424911177
2   422723381
3   420497643
4   418280594
5   416062378
6   413843255
7   411632503
8   409428064
9   407205599
10   404987502
11   402780702
12   400538857
13   398299052
14   396094850
15   393892019
16   391650772
17   389389311
18   387150266
19   384911797
20   382674142
21   380449186
22   378213608
23   375995237
24   373777616
25   371571266
26   369387141
27   367185476
28   364964883
29   362741479
30   360544203
31   358345968
32   356183533
33   354030949
34   351847331
35   349673368
36   347550130
37   345416704
38   343268185
39   341111190
40   338960554
41   336837491
42   334714986
43   332589722
44   330525804
45   328446917
46   326388559
47   324322160
48   322257705
49   320201538
50   318174706
51   316125426
52   314087726
53   312065731
54   310038331
55   308029665
56   306046658
57   304085535
58   302132206
59   300176204
60   298203147
61   296266127
62   294341520
63   292412162
64   290517659
65   288594980
66   286693635
67   284841339
68   283008087
69   281157843
70   279311877
71   277481814
72   275661632
73   273823323
74   271985302
75   270213904
76   268448385
77   266674263
78   264909063
79   263174058
80   261425391
81   259689221
82   257967901
83   256287206
84   254618153
85   252917803
86   251237315
87   249560244
88   247908368
89   246283930
90   244650733
91   243020524
92   241421352
93   239834630
94   238268641
95   236695521
96   235147630
97   233579439
98   232010172
99   230468871
100   228949052
101   227466216
102   225965211
103   224436888
104   222952227
105   221515039
106   220062783
107   218584548
108   217145412
109   215726298
110   214306746
111   212890191
112   211497351
113   210112777
114   208702886
115   207320313
116   205948555
117   204606290
118   203304704
119   201977226
120   200646301
121   199319059
122   198016946
123   196753721
124   195475230
125   194208151
126   192932272
127   191662999
128   190390767
129   189152996
130   187962062
131   186759404
132   185504147
133   184289581
134   183114186
135   181946781
136   180733412
137   179546631
138   178406163
139   177261058
140   176103474
141   174963911
142   173836771
143   172721346
144   171617346
145   170535719
146   169439603
147   168341703
148   167273129
149   166183614
150   165122405
151   164069226
152   163004764
153   161957795
154   160939599
155   159939396
156   158934009
157   157952210
158   156947313
159   155933467
160   154957616
161   153976689
162   152998223
163   152044533
164   151098352
165   150156457
166   149205438
167   148243511
168   147323911
169   146415539
170   145476222
171   144579286
172   143695651
173   142795210
174   141901476
175   141038288
176   140157113
177   139276057
178   138404071
179   137558686
180   136718758
181   135879177
182   135061035
183   134227938
184   133402599
185   132598512
186   131798926
187   130983284
188   130147052
189   129307553
190   128534576
191   127760361
192   126983369
193   126227788
194   125468118
195   124706008
196   123950312
197   123182586
198   122447441
199   121718509
200   120992879
201   120275469
202   119558754
203   118821322
204   118092376
205   117399049
206   116684920
207   115996079
208   115327669
209   114637975
210   113963177
211   113279340
212   112569969
213   111907470
214   111273192
215   110619580
216   109942498
217   109286478
218   108672715
219   108022757
220   107388921
221   106750396
222   106126698
223   105492670
224   104897303
225   104299502
226   103717132
227   103099209
228   102505975
229   101921843
230   101291344
231   100697113
232   100097676
233   99508498
234   98924132
235   98366135
236   97825187
237   97297010
