712
1 0 0
0 0 1
1 4.24911e+008 0
2 0 0
0 0 1
1 4.22723e+008 0
3 0 0
0 0 1
1 4.20498e+008 0
4 0 0
0 0 1
1 4.18281e+008 0
5 0 0
0 0 1
1 4.16062e+008 0
6 0 0
0 0 1
1 4.13843e+008 0
7 0 0
0 0 1
1 4.11633e+008 0
8 0 0
0 0 1
1 4.09428e+008 0
9 0 0
0 0 1
1 4.07206e+008 0
10 0 0
0 0 1
1 4.04987e+008 0
11 0 0
0 0 1
1 4.02781e+008 0
12 0 0
0 0 1
1 4.00539e+008 0
13 0 0
0 0 1
1 3.98299e+008 0
14 0 0
0 0 1
1 3.96095e+008 0
15 0 0
0 0 1
1 3.93892e+008 0
16 0 0
0 0 1
1 3.91651e+008 0
17 0 0
0 0 1
1 3.89389e+008 0
18 0 0
0 0 1
1 3.8715e+008 0
19 0 0
0 0 1
1 3.84912e+008 0
20 0 0
0 0 1
1 3.82674e+008 0
21 0 0
0 0 1
1 3.80449e+008 0
22 0 0
0 0 1
1 3.78214e+008 0
23 0 0
0 0 1
1 3.75995e+008 0
24 0 0
0 0 1
1 3.73778e+008 0
25 0 0
0 0 1
1 3.71571e+008 0
26 0 0
0 0 1
1 3.69387e+008 0
27 0 0
0 0 1
1 3.67185e+008 0
28 0 0
0 0 1
1 3.64965e+008 0
29 0 0
0 0 1
1 3.62741e+008 0
30 0 0
0 0 1
1 3.60544e+008 0
31 0 0
0 0 1
1 3.58346e+008 0
32 0 0
0 0 1
1 3.56184e+008 0
33 0 0
0 0 1
1 3.54031e+008 0
34 0 0
0 0 1
1 3.51847e+008 0
35 0 0
0 0 1
1 3.49673e+008 0
36 0 0
0 0 1
1 3.4755e+008 0
37 0 0
0 0 1
1 3.45417e+008 0
38 0 0
0 0 1
1 3.43268e+008 0
39 0 0
0 0 1
1 3.41111e+008 0
40 0 0
0 0 1
1 3.38961e+008 0
41 0 0
0 0 1
1 3.36838e+008 0
42 0 0
0 0 1
1 3.34715e+008 0
43 0 0
0 0 1
1 3.3259e+008 0
44 0 0
0 0 1
1 3.30526e+008 0
45 0 0
0 0 1
1 3.28447e+008 0
46 0 0
0 0 1
1 3.26389e+008 0
47 0 0
0 0 1
1 3.24322e+008 0
48 0 0
0 0 1
1 3.22258e+008 0
49 0 0
0 0 1
1 3.20202e+008 0
50 0 0
0 0 1
1 3.18175e+008 0
51 0 0
0 0 1
1 3.16125e+008 0
52 0 0
0 0 1
1 3.14088e+008 0
53 0 0
0 0 1
1 3.12066e+008 0
54 0 0
0 0 1
1 3.10038e+008 0
55 0 0
0 0 1
1 3.0803e+008 0
56 0 0
0 0 1
1 3.06047e+008 0
57 0 0
0 0 1
1 3.04086e+008 0
58 0 0
0 0 1
1 3.02132e+008 0
59 0 0
0 0 1
1 3.00176e+008 0
60 0 0
0 0 1
1 2.98203e+008 0
61 0 0
0 0 1
1 2.96266e+008 0
62 0 0
0 0 1
1 2.94342e+008 0
63 0 0
0 0 1
1 2.92412e+008 0
64 0 0
0 0 1
1 2.90518e+008 0
65 0 0
0 0 1
1 2.88595e+008 0
66 0 0
0 0 1
1 2.86694e+008 0
67 0 0
0 0 1
1 2.84841e+008 0
68 0 0
0 0 1
1 2.83008e+008 0
69 0 0
0 0 1
1 2.81158e+008 0
70 0 0
0 0 1
1 2.79312e+008 0
71 0 0
0 0 1
1 2.77482e+008 0
72 0 0
0 0 1
1 2.75662e+008 0
73 0 0
0 0 1
1 2.73823e+008 0
74 0 0
0 0 1
1 2.71985e+008 0
75 0 0
0 0 1
1 2.70214e+008 0
76 0 0
0 0 1
1 2.68448e+008 0
77 0 0
0 0 1
1 2.66674e+008 0
78 0 0
0 0 1
1 2.64909e+008 0
79 0 0
0 0 1
1 2.63174e+008 0
80 0 0
0 0 1
1 2.61425e+008 0
81 0 0
0 0 1
1 2.59689e+008 0
82 0 0
0 0 1
1 2.57968e+008 0
83 0 0
0 0 1
1 2.56287e+008 0
84 0 0
0 0 1
1 2.54618e+008 0
85 0 0
0 0 1
1 2.52918e+008 0
86 0 0
0 0 1
1 2.51237e+008 0
87 0 0
0 0 1
1 2.4956e+008 0
88 0 0
0 0 1
1 2.47908e+008 0
89 0 0
0 0 1
1 2.46284e+008 0
90 0 0
0 0 1
1 2.44651e+008 0
91 0 0
0 0 1
1 2.43021e+008 0
92 0 0
0 0 1
1 2.41421e+008 0
93 0 0
0 0 1
1 2.39835e+008 0
94 0 0
0 0 1
1 2.38269e+008 0
95 0 0
0 0 1
1 2.36696e+008 0
96 0 0
0 0 1
1 2.35148e+008 0
97 0 0
0 0 1
1 2.33579e+008 0
98 0 0
0 0 1
1 2.3201e+008 0
99 0 0
0 0 1
1 2.30469e+008 0
100 0 0
0 0 1
1 2.28949e+008 0
101 0 0
0 0 1
1 2.27466e+008 0
102 0 0
0 0 1
1 2.25965e+008 0
103 0 0
0 0 1
1 2.24437e+008 0
104 0 0
0 0 1
1 2.22952e+008 0
105 0 0
0 0 1
1 2.21515e+008 0
106 0 0
0 0 1
1 2.20063e+008 0
107 0 0
0 0 1
1 2.18585e+008 0
108 0 0
0 0 1
1 2.17145e+008 0
109 0 0
0 0 1
1 2.15726e+008 0
110 0 0
0 0 1
1 2.14307e+008 0
111 0 0
0 0 1
1 2.1289e+008 0
112 0 0
0 0 1
1 2.11497e+008 0
113 0 0
0 0 1
1 2.10113e+008 0
114 0 0
0 0 1
1 2.08703e+008 0
115 0 0
0 0 1
1 2.0732e+008 0
116 0 0
0 0 1
1 2.05949e+008 0
117 0 0
0 0 1
1 2.04606e+008 0
118 0 0
0 0 1
1 2.03305e+008 0
119 0 0
0 0 1
1 2.01977e+008 0
120 0 0
0 0 1
1 2.00646e+008 0
121 0 0
0 0 1
1 1.99319e+008 0
122 0 0
0 0 1
1 1.98017e+008 0
123 0 0
0 0 1
1 1.96754e+008 0
124 0 0
0 0 1
1 1.95475e+008 0
125 0 0
0 0 1
1 1.94208e+008 0
126 0 0
0 0 1
1 1.92932e+008 0
127 0 0
0 0 1
1 1.91663e+008 0
128 0 0
0 0 1
1 1.90391e+008 0
129 0 0
0 0 1
1 1.89153e+008 0
130 0 0
0 0 1
1 1.87962e+008 0
131 0 0
0 0 1
1 1.86759e+008 0
132 0 0
0 0 1
1 1.85504e+008 0
133 0 0
0 0 1
1 1.8429e+008 0
134 0 0
0 0 1
1 1.83114e+008 0
135 0 0
0 0 1
1 1.81947e+008 0
136 0 0
0 0 1
1 1.80733e+008 0
137 0 0
0 0 1
1 1.79547e+008 0
138 0 0
0 0 1
1 1.78406e+008 0
139 0 0
0 0 1
1 1.77261e+008 0
140 0 0
0 0 1
1 1.76103e+008 0
141 0 0
0 0 1
1 1.74964e+008 0
142 0 0
0 0 1
1 1.73837e+008 0
143 0 0
0 0 1
1 1.72721e+008 0
144 0 0
0 0 1
1 1.71617e+008 0
145 0 0
0 0 1
1 1.70536e+008 0
146 0 0
0 0 1
1 1.6944e+008 0
147 0 0
0 0 1
1 1.68342e+008 0
148 0 0
0 0 1
1 1.67273e+008 0
149 0 0
0 0 1
1 1.66184e+008 0
150 0 0
0 0 1
1 1.65122e+008 0
151 0 0
0 0 1
1 1.64069e+008 0
152 0 0
0 0 1
1 1.63005e+008 0
153 0 0
0 0 1
1 1.61958e+008 0
154 0 0
0 0 1
1 1.6094e+008 0
155 0 0
0 0 1
1 1.59939e+008 0
156 0 0
0 0 1
1 1.58934e+008 0
157 0 0
0 0 1
1 1.57952e+008 0
158 0 0
0 0 1
1 1.56947e+008 0
159 0 0
0 0 1
1 1.55933e+008 0
160 0 0
0 0 1
1 1.54958e+008 0
161 0 0
0 0 1
1 1.53977e+008 0
162 0 0
0 0 1
1 1.52998e+008 0
163 0 0
0 0 1
1 1.52045e+008 0
164 0 0
0 0 1
1 1.51098e+008 0
165 0 0
0 0 1
1 1.50156e+008 0
166 0 0
0 0 1
1 1.49205e+008 0
167 0 0
0 0 1
1 1.48244e+008 0
168 0 0
0 0 1
1 1.47324e+008 0
169 0 0
0 0 1
1 1.46416e+008 0
170 0 0
0 0 1
1 1.45476e+008 0
171 0 0
0 0 1
1 1.44579e+008 0
172 0 0
0 0 1
1 1.43696e+008 0
173 0 0
0 0 1
1 1.42795e+008 0
174 0 0
0 0 1
1 1.41901e+008 0
175 0 0
0 0 1
1 1.41038e+008 0
176 0 0
0 0 1
1 1.40157e+008 0
177 0 0
0 0 1
1 1.39276e+008 0
178 0 0
0 0 1
1 1.38404e+008 0
179 0 0
0 0 1
1 1.37559e+008 0
180 0 0
0 0 1
1 1.36719e+008 0
181 0 0
0 0 1
1 1.35879e+008 0
182 0 0
0 0 1
1 1.35061e+008 0
183 0 0
0 0 1
1 1.34228e+008 0
184 0 0
0 0 1
1 1.33403e+008 0
185 0 0
0 0 1
1 1.32599e+008 0
186 0 0
0 0 1
1 1.31799e+008 0
187 0 0
0 0 1
1 1.30983e+008 0
188 0 0
0 0 1
1 1.30147e+008 0
189 0 0
0 0 1
1 1.29308e+008 0
190 0 0
0 0 1
1 1.28535e+008 0
191 0 0
0 0 1
1 1.2776e+008 0
192 0 0
0 0 1
1 1.26983e+008 0
193 0 0
0 0 1
1 1.26228e+008 0
194 0 0
0 0 1
1 1.25468e+008 0
195 0 0
0 0 1
1 1.24706e+008 0
196 0 0
0 0 1
1 1.2395e+008 0
197 0 0
0 0 1
1 1.23183e+008 0
198 0 0
0 0 1
1 1.22447e+008 0
199 0 0
0 0 1
1 1.21719e+008 0
200 0 0
0 0 1
1 1.20993e+008 0
201 0 0
0 0 1
1 1.20275e+008 0
202 0 0
0 0 1
1 1.19559e+008 0
203 0 0
0 0 1
1 1.18821e+008 0
204 0 0
0 0 1
1 1.18092e+008 0
205 0 0
0 0 1
1 1.17399e+008 0
206 0 0
0 0 1
1 1.16685e+008 0
207 0 0
0 0 1
1 1.15996e+008 0
208 0 0
0 0 1
1 1.15328e+008 0
209 0 0
0 0 1
1 1.14638e+008 0
210 0 0
0 0 1
1 1.13963e+008 0
211 0 0
0 0 1
1 1.13279e+008 0
212 0 0
0 0 1
1 1.1257e+008 0
213 0 0
0 0 1
1 1.11907e+008 0
214 0 0
0 0 1
1 1.11273e+008 0
215 0 0
0 0 1
1 1.1062e+008 0
216 0 0
0 0 1
1 1.09942e+008 0
217 0 0
0 0 1
1 1.09286e+008 0
218 0 0
0 0 1
1 1.08673e+008 0
219 0 0
0 0 1
1 1.08023e+008 0
220 0 0
0 0 1
1 1.07389e+008 0
221 0 0
0 0 1
1 1.0675e+008 0
222 0 0
0 0 1
1 1.06127e+008 0
223 0 0
0 0 1
1 1.05493e+008 0
224 0 0
0 0 1
1 1.04897e+008 0
225 0 0
0 0 1
1 1.043e+008 0
226 0 0
0 0 1
1 1.03717e+008 0
227 0 0
0 0 1
1 1.03099e+008 0
228 0 0
0 0 1
1 1.02506e+008 0
229 0 0
0 0 1
1 1.01922e+008 0
230 0 0
0 0 1
1 1.01291e+008 0
231 0 0
0 0 1
1 1.00697e+008 0
232 0 0
0 0 1
1 1.00098e+008 0
233 0 0
0 0 1
1 9.95085e+007 0
234 0 0
0 0 1
1 9.89241e+007 0
235 0 0
0 0 1
1 9.83661e+007 0
236 0 0
0 0 1
1 9.78252e+007 0
237 0 0
0 0 1
1 9.7297e+007 0
-1 0 0
