SIMFIT 1
1   216330317
2   215178979
3   214010384
4   212844561
5   211677550
6   210509968
7   209343915
8   208188190
9   207025252
10   205848483
11   204686056
12   203531079
13   202350453
14   201162244
15   199991253
16   198826825
17   197642423
18   196460169
19   195283109
20   194113939
21   192955964
22   191801688
23   190626200
24   189457000
25   188298748
26   187134468
27   185968972
28   184810369
29   183643548
30   182495277
31   181352193
32   180205307
33   179076332
34   177949109
35   176810960
36   175674884
37   174545110
38   173422670
39   172300255
40   171182294
41   170073713
42   168972786
43   167865012
44   166762744
45   165673542
46   164587147
47   163500154
48   162429318
49   161343881
50   160269710
51   159212107
52   158152949
53   157089160
54   156047764
55   154999182
56   153951724
57   152930306
58   151907415
59   150865312
60   149837161
61   148822677
62   147821506
63   146823330
64   145817999
65   144824899
66   143845679
67   142867978
68   141896059
69   140927460
70   139963400
71   139006672
72   138064487
73   137120505
74   136171753
75   135237877
76   134321495
77   133404480
78   132481455
79   131575250
80   130677129
81   129774858
82   128878782
83   128006145
84   127137078
85   126259226
86   125385779
87   124526002
88   123677178
89   122831889
90   121980681
91   121142108
92   120331069
93   119508873
94   118676391
95   117854014
96   117031975
97   116237854
98   115447754
99   114663923
100   113874460
101   113100813
102   112324039
103   111553672
104   110788441
105   110029190
106   109284213
107   108537039
108   107792057
109   107054880
110   106328012
111   105594166
112   104876880
113   104167916
114   103444462
115   102742264
116   102056988
117   101367655
118   100685334
119   100001105
120   99311980
121   98641388
122   97971396
123   97302517
124   96639912
125   95994303
126   95364954
127   94725735
128   94082143
129   93440578
130   92798269
131   92174155
132   91565856
133   90955461
134   90340902
135   89747040
136   89152757
137   88568818
138   87981796
139   87380133
140   86807691
141   86231601
142   85659299
143   85087549
144   84513535
145   83948675
146   83397596
147   82854464
148   82317580
149   81776754
150   81239448
151   80703635
152   80178195
153   79653532
154   79139561
155   78622296
156   78106696
157   77595236
158   77070438
159   76575503
160   76078872
161   75579151
162   75085193
163   74602354
164   74112434
165   73640637
166   73173765
167   72697054
168   72231074
169   71767040
170   71301293
171   70845306
172   70398399
173   69948087
174   69496484
175   69050926
176   68604329
177   68166329
178   67747889
179   67320040
180   66886122
181   66446351
182   66035756
183   65639266
184   65235933
185   64820077
186   64404605
187   64001103
188   63607679
189   63205755
190   62812831
191   62411077
192   62014353
193   61629599
194   61252562
195   60875729
196   60504534
197   60121310
198   59745696
199   59365695
200   58999766
201   58639402
202   58272886
203   57920526
204   57566889
205   57217654
206   56856566
207   56514544
208   56180260
209   55835828
210   55499295
211   55166952
212   54834867
213   54509241
214   54179615
215   53849093
216   53513196
217   53178759
218   52867060
219   52554753
220   52235019
221   51914832
222   51627203
223   51323584
224   51019022
225   50709838
226   50404777
227   50108095
228   49805174
