685
1 0 0
0 0 1
1 2.1633e+008 0
2 0 0
0 0 1
1 2.15179e+008 0
3 0 0
0 0 1
1 2.1401e+008 0
4 0 0
0 0 1
1 2.12845e+008 0
5 0 0
0 0 1
1 2.11678e+008 0
6 0 0
0 0 1
1 2.1051e+008 0
7 0 0
0 0 1
1 2.09344e+008 0
8 0 0
0 0 1
1 2.08188e+008 0
9 0 0
0 0 1
1 2.07025e+008 0
10 0 0
0 0 1
1 2.05848e+008 0
11 0 0
0 0 1
1 2.04686e+008 0
12 0 0
0 0 1
1 2.03531e+008 0
13 0 0
0 0 1
1 2.0235e+008 0
14 0 0
0 0 1
1 2.01162e+008 0
15 0 0
0 0 1
1 1.99991e+008 0
16 0 0
0 0 1
1 1.98827e+008 0
17 0 0
0 0 1
1 1.97642e+008 0
18 0 0
0 0 1
1 1.9646e+008 0
19 0 0
0 0 1
1 1.95283e+008 0
20 0 0
0 0 1
1 1.94114e+008 0
21 0 0
0 0 1
1 1.92956e+008 0
22 0 0
0 0 1
1 1.91802e+008 0
23 0 0
0 0 1
1 1.90626e+008 0
24 0 0
0 0 1
1 1.89457e+008 0
25 0 0
0 0 1
1 1.88299e+008 0
26 0 0
0 0 1
1 1.87134e+008 0
27 0 0
0 0 1
1 1.85969e+008 0
28 0 0
0 0 1
1 1.8481e+008 0
29 0 0
0 0 1
1 1.83644e+008 0
30 0 0
0 0 1
1 1.82495e+008 0
31 0 0
0 0 1
1 1.81352e+008 0
32 0 0
0 0 1
1 1.80205e+008 0
33 0 0
0 0 1
1 1.79076e+008 0
34 0 0
0 0 1
1 1.77949e+008 0
35 0 0
0 0 1
1 1.76811e+008 0
36 0 0
0 0 1
1 1.75675e+008 0
37 0 0
0 0 1
1 1.74545e+008 0
38 0 0
0 0 1
1 1.73423e+008 0
39 0 0
0 0 1
1 1.723e+008 0
40 0 0
0 0 1
1 1.71182e+008 0
41 0 0
0 0 1
1 1.70074e+008 0
42 0 0
0 0 1
1 1.68973e+008 0
43 0 0
0 0 1
1 1.67865e+008 0
44 0 0
0 0 1
1 1.66763e+008 0
45 0 0
0 0 1
1 1.65674e+008 0
46 0 0
0 0 1
1 1.64587e+008 0
47 0 0
0 0 1
1 1.635e+008 0
48 0 0
0 0 1
1 1.62429e+008 0
49 0 0
0 0 1
1 1.61344e+008 0
50 0 0
0 0 1
1 1.6027e+008 0
51 0 0
0 0 1
1 1.59212e+008 0
52 0 0
0 0 1
1 1.58153e+008 0
53 0 0
0 0 1
1 1.57089e+008 0
54 0 0
0 0 1
1 1.56048e+008 0
55 0 0
0 0 1
1 1.54999e+008 0
56 0 0
0 0 1
1 1.53952e+008 0
57 0 0
0 0 1
1 1.5293e+008 0
58 0 0
0 0 1
1 1.51907e+008 0
59 0 0
0 0 1
1 1.50865e+008 0
60 0 0
0 0 1
1 1.49837e+008 0
61 0 0
0 0 1
1 1.48823e+008 0
62 0 0
0 0 1
1 1.47822e+008 0
63 0 0
0 0 1
1 1.46823e+008 0
64 0 0
0 0 1
1 1.45818e+008 0
65 0 0
0 0 1
1 1.44825e+008 0
66 0 0
0 0 1
1 1.43846e+008 0
67 0 0
0 0 1
1 1.42868e+008 0
68 0 0
0 0 1
1 1.41896e+008 0
69 0 0
0 0 1
1 1.40927e+008 0
70 0 0
0 0 1
1 1.39963e+008 0
71 0 0
0 0 1
1 1.39007e+008 0
72 0 0
0 0 1
1 1.38064e+008 0
73 0 0
0 0 1
1 1.37121e+008 0
74 0 0
0 0 1
1 1.36172e+008 0
75 0 0
0 0 1
1 1.35238e+008 0
76 0 0
0 0 1
1 1.34321e+008 0
77 0 0
0 0 1
1 1.33404e+008 0
78 0 0
0 0 1
1 1.32481e+008 0
79 0 0
0 0 1
1 1.31575e+008 0
80 0 0
0 0 1
1 1.30677e+008 0
81 0 0
0 0 1
1 1.29775e+008 0
82 0 0
0 0 1
1 1.28879e+008 0
83 0 0
0 0 1
1 1.28006e+008 0
84 0 0
0 0 1
1 1.27137e+008 0
85 0 0
0 0 1
1 1.26259e+008 0
86 0 0
0 0 1
1 1.25386e+008 0
87 0 0
0 0 1
1 1.24526e+008 0
88 0 0
0 0 1
1 1.23677e+008 0
89 0 0
0 0 1
1 1.22832e+008 0
90 0 0
0 0 1
1 1.21981e+008 0
91 0 0
0 0 1
1 1.21142e+008 0
92 0 0
0 0 1
1 1.20331e+008 0
93 0 0
0 0 1
1 1.19509e+008 0
94 0 0
0 0 1
1 1.18676e+008 0
95 0 0
0 0 1
1 1.17854e+008 0
96 0 0
0 0 1
1 1.17032e+008 0
97 0 0
0 0 1
1 1.16238e+008 0
98 0 0
0 0 1
1 1.15448e+008 0
99 0 0
0 0 1
1 1.14664e+008 0
100 0 0
0 0 1
1 1.13874e+008 0
101 0 0
0 0 1
1 1.13101e+008 0
102 0 0
0 0 1
1 1.12324e+008 0
103 0 0
0 0 1
1 1.11554e+008 0
104 0 0
0 0 1
1 1.10788e+008 0
105 0 0
0 0 1
1 1.10029e+008 0
106 0 0
0 0 1
1 1.09284e+008 0
107 0 0
0 0 1
1 1.08537e+008 0
108 0 0
0 0 1
1 1.07792e+008 0
109 0 0
0 0 1
1 1.07055e+008 0
110 0 0
0 0 1
1 1.06328e+008 0
111 0 0
0 0 1
1 1.05594e+008 0
112 0 0
0 0 1
1 1.04877e+008 0
113 0 0
0 0 1
1 1.04168e+008 0
114 0 0
0 0 1
1 1.03444e+008 0
115 0 0
0 0 1
1 1.02742e+008 0
116 0 0
0 0 1
1 1.02057e+008 0
117 0 0
0 0 1
1 1.01368e+008 0
118 0 0
0 0 1
1 1.00685e+008 0
119 0 0
0 0 1
1 1.00001e+008 0
120 0 0
0 0 1
1 9.9312e+007 0
121 0 0
0 0 1
1 9.86414e+007 0
122 0 0
0 0 1
1 9.79714e+007 0
123 0 0
0 0 1
1 9.73025e+007 0
124 0 0
0 0 1
1 9.66399e+007 0
125 0 0
0 0 1
1 9.59943e+007 0
126 0 0
0 0 1
1 9.5365e+007 0
127 0 0
0 0 1
1 9.47257e+007 0
128 0 0
0 0 1
1 9.40821e+007 0
129 0 0
0 0 1
1 9.34406e+007 0
130 0 0
0 0 1
1 9.27983e+007 0
131 0 0
0 0 1
1 9.21742e+007 0
132 0 0
0 0 1
1 9.15659e+007 0
133 0 0
0 0 1
1 9.09555e+007 0
134 0 0
0 0 1
1 9.03409e+007 0
135 0 0
0 0 1
1 8.9747e+007 0
136 0 0
0 0 1
1 8.91528e+007 0
137 0 0
0 0 1
1 8.85688e+007 0
138 0 0
0 0 1
1 8.79818e+007 0
139 0 0
0 0 1
1 8.73801e+007 0
140 0 0
0 0 1
1 8.68077e+007 0
141 0 0
0 0 1
1 8.62316e+007 0
142 0 0
0 0 1
1 8.56593e+007 0
143 0 0
0 0 1
1 8.50876e+007 0
144 0 0
0 0 1
1 8.45135e+007 0
145 0 0
0 0 1
1 8.39487e+007 0
146 0 0
0 0 1
1 8.33976e+007 0
147 0 0
0 0 1
1 8.28545e+007 0
148 0 0
0 0 1
1 8.23176e+007 0
149 0 0
0 0 1
1 8.17768e+007 0
150 0 0
0 0 1
1 8.12394e+007 0
151 0 0
0 0 1
1 8.07036e+007 0
152 0 0
0 0 1
1 8.01782e+007 0
153 0 0
0 0 1
1 7.96535e+007 0
154 0 0
0 0 1
1 7.91396e+007 0
155 0 0
0 0 1
1 7.86223e+007 0
156 0 0
0 0 1
1 7.81067e+007 0
157 0 0
0 0 1
1 7.75952e+007 0
158 0 0
0 0 1
1 7.70704e+007 0
159 0 0
0 0 1
1 7.65755e+007 0
160 0 0
0 0 1
1 7.60789e+007 0
161 0 0
0 0 1
1 7.55792e+007 0
162 0 0
0 0 1
1 7.50852e+007 0
163 0 0
0 0 1
1 7.46024e+007 0
164 0 0
0 0 1
1 7.41124e+007 0
165 0 0
0 0 1
1 7.36406e+007 0
166 0 0
0 0 1
1 7.31738e+007 0
167 0 0
0 0 1
1 7.26971e+007 0
168 0 0
0 0 1
1 7.22311e+007 0
169 0 0
0 0 1
1 7.1767e+007 0
170 0 0
0 0 1
1 7.13013e+007 0
171 0 0
0 0 1
1 7.08453e+007 0
172 0 0
0 0 1
1 7.03984e+007 0
173 0 0
0 0 1
1 6.99481e+007 0
174 0 0
0 0 1
1 6.94965e+007 0
175 0 0
0 0 1
1 6.90509e+007 0
176 0 0
0 0 1
1 6.86043e+007 0
177 0 0
0 0 1
1 6.81663e+007 0
178 0 0
0 0 1
1 6.77479e+007 0
179 0 0
0 0 1
1 6.732e+007 0
180 0 0
0 0 1
1 6.68861e+007 0
181 0 0
0 0 1
1 6.64464e+007 0
182 0 0
0 0 1
1 6.60358e+007 0
183 0 0
0 0 1
1 6.56393e+007 0
184 0 0
0 0 1
1 6.52359e+007 0
185 0 0
0 0 1
1 6.48201e+007 0
186 0 0
0 0 1
1 6.44046e+007 0
187 0 0
0 0 1
1 6.40011e+007 0
188 0 0
0 0 1
1 6.36077e+007 0
189 0 0
0 0 1
1 6.32058e+007 0
190 0 0
0 0 1
1 6.28128e+007 0
191 0 0
0 0 1
1 6.24111e+007 0
192 0 0
0 0 1
1 6.20144e+007 0
193 0 0
0 0 1
1 6.16296e+007 0
194 0 0
0 0 1
1 6.12526e+007 0
195 0 0
0 0 1
1 6.08757e+007 0
196 0 0
0 0 1
1 6.05045e+007 0
197 0 0
0 0 1
1 6.01213e+007 0
198 0 0
0 0 1
1 5.97457e+007 0
199 0 0
0 0 1
1 5.93657e+007 0
200 0 0
0 0 1
1 5.89998e+007 0
201 0 0
0 0 1
1 5.86394e+007 0
202 0 0
0 0 1
1 5.82729e+007 0
203 0 0
0 0 1
1 5.79205e+007 0
204 0 0
0 0 1
1 5.75669e+007 0
205 0 0
0 0 1
1 5.72177e+007 0
206 0 0
0 0 1
1 5.68566e+007 0
207 0 0
0 0 1
1 5.65145e+007 0
208 0 0
0 0 1
1 5.61803e+007 0
209 0 0
0 0 1
1 5.58358e+007 0
210 0 0
0 0 1
1 5.54993e+007 0
211 0 0
0 0 1
1 5.5167e+007 0
212 0 0
0 0 1
1 5.48349e+007 0
213 0 0
0 0 1
1 5.45092e+007 0
214 0 0
0 0 1
1 5.41796e+007 0
215 0 0
0 0 1
1 5.38491e+007 0
216 0 0
0 0 1
1 5.35132e+007 0
217 0 0
0 0 1
1 5.31788e+007 0
218 0 0
0 0 1
1 5.28671e+007 0
219 0 0
0 0 1
1 5.25548e+007 0
220 0 0
0 0 1
1 5.2235e+007 0
221 0 0
0 0 1
1 5.19148e+007 0
222 0 0
0 0 1
1 5.16272e+007 0
223 0 0
0 0 1
1 5.13236e+007 0
224 0 0
0 0 1
1 5.1019e+007 0
225 0 0
0 0 1
1 5.07098e+007 0
226 0 0
0 0 1
1 5.04048e+007 0
227 0 0
0 0 1
1 5.01081e+007 0
228 0 0
0 0 1
1 4.98052e+007 0
-1 0 0
