##TITLE= Parameter file, TOPSPIN		Version 3.1
##JCAMPDX= 5.0
##DATATYPE= Parameter Values
##NPOINTS= 8	$$ modification sequence number
##ORIGIN= Bruker BioSpin GmbH
##OWNER= hashimi
$$ 2018-06-21 21:46:11.768 -0400  hashimi@EP-10018760
$$ /opt/topspin3.1/hashimi/Henry-061818-A2DNA-G620m1G-pH5.4-10C-150NaCl/10/pdata/1/clevels
$$ process /opt/topspin3.1/prog/mod/dataserver
##$LEVELS= (0..255)
-1087815.51159858 -604341.950888098 -335745.528271166 -186525.293483981
-103625.163046656 -57569.53502592 -31983.0750144 -17768.375008 17768.375008
31983.0750144 57569.53502592 103625.163046656 186525.293483981 335745.528271166
604341.950888098 1087815.51159858 0 0 0 0 0 0 0 0 0 0 0 0 0 0 0 0 0 0 0
0 0 0 0 0 0 0 0 0 0 0 0 0 0 0 0 0 0 0 0 0 0 0 0 0 0 0 0 0 0 0 0 0 0 0 0
0 0 0 0 0 0 0 0 0 0 0 0 0 0 0 0 0 0 0 0 0 0 0 0 0 0 0 0 0 0 0 0 0 0 0 0
0 0 0 0 0 0 0 0 0 0 0 0 0 0 0 0 0 0 0 0 0 0 0 0 0 0 0 0 0 0 0 0 0 0 0 0
0 0 0 0 0 0 0 0 0 0 0 0 0 0 0 0 0 0 0 0 0 0 0 0 0 0 0 0 0 0 0 0 0 0 0 0
0 0 0 0 0 0 0 0 0 0 0 0 0 0 0 0 0 0 0 0 0 0 0 0 0 0 0 0 0 0 0 0 0 0 0 0
0 0 0 0 0 0 0 0 0 0 0 0 0 0 0 0 0 0 0 0 0 0 0 0 0 0 0 0 0 0 0 0 0 0 0 0
0 0 0 0 0
##$LEVSIGN= 3
##$MAXLEV= 8
##$METHOD= 0
##$NEGBASE= -17768.375008
##$NEGINCR= 1.8
##$POSBASE= 17768.375008
##$POSINCR= 1.8
##END=
