##TITLE= /opt/xwinnmr/exp/stan/nmr/lists/wave/q3.1000
##JCAMP-DX= 5.00 Bruker JCAMP library
##DATA TYPE= Shape Data
##ORIGIN= Bruker Analytik GmbH
##OWNER= <hashimi>
##DATE= 03/09/20
##TIME= 17:13:05
##$SHAPE_PARAMETERS= Type: GaussCascadeQ3 
##MINX= 3.116348e-02
##MAXX= 1.000029e+02
##MINY= 0.000000e+00
##MAXY= 1.800000e+02
##$SHAPE_EXMODE= Universal180
##$SHAPE_TOTROT= 1.800000e+02
##$SHAPE_BWFAC= 3.400000e+00
##$SHAPE_INTEGFAC= 1.514799e-01
##$SHAPE_MODE= 0
##NPOINTS= 1000
##XYPOINTS= (XY..XY)
3.116348e-02, 1.800000e+02
3.283623e-02, 1.800000e+02
3.459285e-02, 1.800000e+02
3.643720e-02, 1.800000e+02
3.837331e-02, 1.800000e+02
4.040539e-02, 1.800000e+02
4.253780e-02, 1.800000e+02
4.477508e-02, 1.800000e+02
4.712196e-02, 1.800000e+02
4.958337e-02, 1.800000e+02
5.216443e-02, 1.800000e+02
5.487044e-02, 1.800000e+02
5.770696e-02, 1.800000e+02
6.067972e-02, 1.800000e+02
6.379470e-02, 1.800000e+02
6.705812e-02, 1.800000e+02
7.047640e-02, 1.800000e+02
7.405627e-02, 1.800000e+02
7.780465e-02, 1.800000e+02
8.172877e-02, 1.800000e+02
8.583611e-02, 1.800000e+02
9.013445e-02, 1.800000e+02
9.463183e-02, 1.800000e+02
9.933661e-02, 1.800000e+02
1.042574e-01, 1.800000e+02
1.094033e-01, 1.800000e+02
1.147835e-01, 1.800000e+02
1.204077e-01, 1.800000e+02
1.262859e-01, 1.800000e+02
1.324284e-01, 1.800000e+02
1.388458e-01, 1.800000e+02
1.455493e-01, 1.800000e+02
1.525504e-01, 1.800000e+02
1.598609e-01, 1.800000e+02
1.674930e-01, 1.800000e+02
1.754595e-01, 1.800000e+02
1.837734e-01, 1.800000e+02
1.924483e-01, 1.800000e+02
2.014983e-01, 1.800000e+02
2.109377e-01, 1.800000e+02
2.207815e-01, 1.800000e+02
2.310452e-01, 1.800000e+02
2.417446e-01, 1.800000e+02
2.528962e-01, 1.800000e+02
2.645169e-01, 1.800000e+02
2.766243e-01, 1.800000e+02
2.892364e-01, 1.800000e+02
3.023717e-01, 1.800000e+02
3.160494e-01, 1.800000e+02
3.302893e-01, 1.800000e+02
3.451118e-01, 1.800000e+02
3.605377e-01, 1.800000e+02
3.765886e-01, 1.800000e+02
3.932869e-01, 1.800000e+02
4.106552e-01, 1.800000e+02
4.287172e-01, 1.800000e+02
4.474971e-01, 1.800000e+02
4.670196e-01, 1.800000e+02
4.873105e-01, 1.800000e+02
5.083958e-01, 1.800000e+02
5.303028e-01, 1.800000e+02
5.530591e-01, 1.800000e+02
5.766932e-01, 1.800000e+02
6.012343e-01, 1.800000e+02
6.267126e-01, 1.800000e+02
6.531587e-01, 1.800000e+02
6.806043e-01, 1.800000e+02
7.090817e-01, 1.800000e+02
7.386243e-01, 1.800000e+02
7.692661e-01, 1.800000e+02
8.010419e-01, 1.800000e+02
8.339875e-01, 1.800000e+02
8.681396e-01, 1.800000e+02
9.035355e-01, 1.800000e+02
9.402136e-01, 1.800000e+02
9.782133e-01, 1.800000e+02
1.017575e+00, 1.800000e+02
1.058338e+00, 1.800000e+02
1.100547e+00, 1.800000e+02
1.144243e+00, 1.800000e+02
1.189470e+00, 1.800000e+02
1.236274e+00, 1.800000e+02
1.284699e+00, 1.800000e+02
1.334792e+00, 1.800000e+02
1.386602e+00, 1.800000e+02
1.440176e+00, 1.800000e+02
1.495564e+00, 1.800000e+02
1.552816e+00, 1.800000e+02
1.611984e+00, 1.800000e+02
1.673120e+00, 1.800000e+02
1.736277e+00, 1.800000e+02
1.801511e+00, 1.800000e+02
1.868875e+00, 1.800000e+02
1.938426e+00, 1.800000e+02
2.010222e+00, 1.800000e+02
2.084320e+00, 1.800000e+02
2.160780e+00, 1.800000e+02
2.239661e+00, 1.800000e+02
2.321025e+00, 1.800000e+02
2.404932e+00, 1.800000e+02
2.491447e+00, 1.800000e+02
2.580632e+00, 1.800000e+02
2.672552e+00, 1.800000e+02
2.767272e+00, 1.800000e+02
2.864860e+00, 1.800000e+02
2.965381e+00, 1.800000e+02
3.068904e+00, 1.800000e+02
3.175497e+00, 1.800000e+02
3.285230e+00, 1.800000e+02
3.398174e+00, 1.800000e+02
3.514399e+00, 1.800000e+02
3.633977e+00, 1.800000e+02
3.756981e+00, 1.800000e+02
3.883483e+00, 1.800000e+02
4.013558e+00, 1.800000e+02
4.147280e+00, 1.800000e+02
4.284724e+00, 1.800000e+02
4.425965e+00, 1.800000e+02
4.571080e+00, 1.800000e+02
4.720144e+00, 1.800000e+02
4.873236e+00, 1.800000e+02
5.030431e+00, 1.800000e+02
5.191809e+00, 1.800000e+02
5.357446e+00, 1.800000e+02
5.527422e+00, 1.800000e+02
5.701815e+00, 1.800000e+02
5.880703e+00, 1.800000e+02
6.064166e+00, 1.800000e+02
6.252282e+00, 1.800000e+02
6.445130e+00, 1.800000e+02
6.642789e+00, 1.800000e+02
6.845339e+00, 1.800000e+02
7.052857e+00, 1.800000e+02
7.265423e+00, 1.800000e+02
7.483114e+00, 1.800000e+02
7.706009e+00, 1.800000e+02
7.934184e+00, 1.800000e+02
8.167718e+00, 1.800000e+02
8.406687e+00, 1.800000e+02
8.651166e+00, 1.800000e+02
8.901231e+00, 1.800000e+02
9.156958e+00, 1.800000e+02
9.418418e+00, 1.800000e+02
9.685687e+00, 1.800000e+02
9.958834e+00, 1.800000e+02
1.023793e+01, 1.800000e+02
1.052305e+01, 1.800000e+02
1.081426e+01, 1.800000e+02
1.111162e+01, 1.800000e+02
1.141521e+01, 1.800000e+02
1.172508e+01, 1.800000e+02
1.204131e+01, 1.800000e+02
1.236394e+01, 1.800000e+02
1.269305e+01, 1.800000e+02
1.302869e+01, 1.800000e+02
1.337091e+01, 1.800000e+02
1.371978e+01, 1.800000e+02
1.407533e+01, 1.800000e+02
1.443763e+01, 1.800000e+02
1.480672e+01, 1.800000e+02
1.518265e+01, 1.800000e+02
1.556546e+01, 1.800000e+02
1.595518e+01, 1.800000e+02
1.635187e+01, 1.800000e+02
1.675555e+01, 1.800000e+02
1.716625e+01, 1.800000e+02
1.758401e+01, 1.800000e+02
1.800885e+01, 1.800000e+02
1.844081e+01, 1.800000e+02
1.887988e+01, 1.800000e+02
1.932611e+01, 1.800000e+02
1.977949e+01, 1.800000e+02
2.024005e+01, 1.800000e+02
2.070778e+01, 1.800000e+02
2.118269e+01, 1.800000e+02
2.166479e+01, 1.800000e+02
2.215406e+01, 1.800000e+02
2.265051e+01, 1.800000e+02
2.315411e+01, 1.800000e+02
2.366486e+01, 1.800000e+02
2.418274e+01, 1.800000e+02
2.470771e+01, 1.800000e+02
2.523976e+01, 1.800000e+02
2.577885e+01, 1.800000e+02
2.632495e+01, 1.800000e+02
2.687801e+01, 1.800000e+02
2.743799e+01, 1.800000e+02
2.800484e+01, 1.800000e+02
2.857851e+01, 1.800000e+02
2.915893e+01, 1.800000e+02
2.974604e+01, 1.800000e+02
3.033978e+01, 1.800000e+02
3.094007e+01, 1.800000e+02
3.154684e+01, 1.800000e+02
3.215999e+01, 1.800000e+02
3.277944e+01, 1.800000e+02
3.340510e+01, 1.800000e+02
3.403687e+01, 1.800000e+02
3.467465e+01, 1.800000e+02
3.531832e+01, 1.800000e+02
3.596778e+01, 1.800000e+02
3.662291e+01, 1.800000e+02
3.728358e+01, 1.800000e+02
3.794966e+01, 1.800000e+02
3.862103e+01, 1.800000e+02
3.929753e+01, 1.800000e+02
3.997903e+01, 1.800000e+02
4.066538e+01, 1.800000e+02
4.135642e+01, 1.800000e+02
4.205199e+01, 1.800000e+02
4.275193e+01, 1.800000e+02
4.345607e+01, 1.800000e+02
4.416423e+01, 1.800000e+02
4.487623e+01, 1.800000e+02
4.559190e+01, 1.800000e+02
4.631103e+01, 1.800000e+02
4.703344e+01, 1.800000e+02
4.775892e+01, 1.800000e+02
4.848727e+01, 1.800000e+02
4.921828e+01, 1.800000e+02
4.995174e+01, 1.800000e+02
5.068744e+01, 1.800000e+02
5.142514e+01, 1.800000e+02
5.216462e+01, 1.800000e+02
5.290565e+01, 1.800000e+02
5.364799e+01, 1.800000e+02
5.439141e+01, 1.800000e+02
5.513566e+01, 1.800000e+02
5.588049e+01, 1.800000e+02
5.662566e+01, 1.800000e+02
5.737090e+01, 1.800000e+02
5.811596e+01, 1.800000e+02
5.886059e+01, 1.800000e+02
5.960450e+01, 1.800000e+02
6.034744e+01, 1.800000e+02
6.108913e+01, 1.800000e+02
6.182930e+01, 1.800000e+02
6.256767e+01, 1.800000e+02
6.330397e+01, 1.800000e+02
6.403791e+01, 1.800000e+02
6.476920e+01, 1.800000e+02
6.549757e+01, 1.800000e+02
6.622272e+01, 1.800000e+02
6.694436e+01, 1.800000e+02
6.766221e+01, 1.800000e+02
6.837596e+01, 1.800000e+02
6.908533e+01, 1.800000e+02
6.979002e+01, 1.800000e+02
7.048974e+01, 1.800000e+02
7.118418e+01, 1.800000e+02
7.187305e+01, 1.800000e+02
7.255606e+01, 1.800000e+02
7.323291e+01, 1.800000e+02
7.390329e+01, 1.800000e+02
7.456692e+01, 1.800000e+02
7.522349e+01, 1.800000e+02
7.587271e+01, 1.800000e+02
7.651428e+01, 1.800000e+02
7.714792e+01, 1.800000e+02
7.777332e+01, 1.800000e+02
7.839020e+01, 1.800000e+02
7.899827e+01, 1.800000e+02
7.959724e+01, 1.800000e+02
8.018682e+01, 1.800000e+02
8.076673e+01, 1.800000e+02
8.133669e+01, 1.800000e+02
8.189642e+01, 1.800000e+02
8.244565e+01, 1.800000e+02
8.298410e+01, 1.800000e+02
8.351150e+01, 1.800000e+02
8.402760e+01, 1.800000e+02
8.453212e+01, 1.800000e+02
8.502481e+01, 1.800000e+02
8.550542e+01, 1.800000e+02
8.597369e+01, 1.800000e+02
8.642938e+01, 1.800000e+02
8.687225e+01, 1.800000e+02
8.730205e+01, 1.800000e+02
8.771857e+01, 1.800000e+02
8.812157e+01, 1.800000e+02
8.851084e+01, 1.800000e+02
8.888614e+01, 1.800000e+02
8.924729e+01, 1.800000e+02
8.959406e+01, 1.800000e+02
8.992626e+01, 1.800000e+02
9.024370e+01, 1.800000e+02
9.054619e+01, 1.800000e+02
9.083355e+01, 1.800000e+02
9.110560e+01, 1.800000e+02
9.136218e+01, 1.800000e+02
9.160312e+01, 1.800000e+02
9.182827e+01, 1.800000e+02
9.203748e+01, 1.800000e+02
9.223061e+01, 1.800000e+02
9.240752e+01, 1.800000e+02
9.256808e+01, 1.800000e+02
9.271218e+01, 1.800000e+02
9.283970e+01, 1.800000e+02
9.295053e+01, 1.800000e+02
9.304458e+01, 1.800000e+02
9.312175e+01, 1.800000e+02
9.318195e+01, 1.800000e+02
9.322512e+01, 1.800000e+02
9.325118e+01, 1.800000e+02
9.326006e+01, 1.800000e+02
9.325172e+01, 1.800000e+02
9.322610e+01, 1.800000e+02
9.318316e+01, 1.800000e+02
9.312288e+01, 1.800000e+02
9.304522e+01, 1.800000e+02
9.295016e+01, 1.800000e+02
9.283771e+01, 1.800000e+02
9.270785e+01, 1.800000e+02
9.256058e+01, 1.800000e+02
9.239592e+01, 1.800000e+02
9.221389e+01, 1.800000e+02
9.201451e+01, 1.800000e+02
9.179781e+01, 1.800000e+02
9.156384e+01, 1.800000e+02
9.131263e+01, 1.800000e+02
9.104425e+01, 1.800000e+02
9.075875e+01, 1.800000e+02
9.045620e+01, 1.800000e+02
9.013667e+01, 1.800000e+02
8.980025e+01, 1.800000e+02
8.944701e+01, 1.800000e+02
8.907705e+01, 1.800000e+02
8.869047e+01, 1.800000e+02
8.828737e+01, 1.800000e+02
8.786787e+01, 1.800000e+02
8.743207e+01, 1.800000e+02
8.698011e+01, 1.800000e+02
8.651209e+01, 1.800000e+02
8.602817e+01, 1.800000e+02
8.552847e+01, 1.800000e+02
8.501314e+01, 1.800000e+02
8.448233e+01, 1.800000e+02
8.393618e+01, 1.800000e+02
8.337485e+01, 1.800000e+02
8.279850e+01, 1.800000e+02
8.220730e+01, 1.800000e+02
8.160142e+01, 1.800000e+02
8.098102e+01, 1.800000e+02
8.034629e+01, 1.800000e+02
7.969740e+01, 1.800000e+02
7.903454e+01, 1.800000e+02
7.835789e+01, 1.800000e+02
7.766764e+01, 1.800000e+02
7.696398e+01, 1.800000e+02
7.624711e+01, 1.800000e+02
7.551722e+01, 1.800000e+02
7.477451e+01, 1.800000e+02
7.401919e+01, 1.800000e+02
7.325145e+01, 1.800000e+02
7.247150e+01, 1.800000e+02
7.167954e+01, 1.800000e+02
7.087579e+01, 1.800000e+02
7.006045e+01, 1.800000e+02
6.923373e+01, 1.800000e+02
6.839584e+01, 1.800000e+02
6.754700e+01, 1.800000e+02
6.668740e+01, 1.800000e+02
6.581728e+01, 1.800000e+02
6.493683e+01, 1.800000e+02
6.404627e+01, 1.800000e+02
6.314581e+01, 1.800000e+02
6.223566e+01, 1.800000e+02
6.131604e+01, 1.800000e+02
6.038716e+01, 1.800000e+02
5.944922e+01, 1.800000e+02
5.850244e+01, 1.800000e+02
5.754702e+01, 1.800000e+02
5.658317e+01, 1.800000e+02
5.561110e+01, 1.800000e+02
5.463101e+01, 1.800000e+02
5.364311e+01, 1.800000e+02
5.264760e+01, 1.800000e+02
5.164468e+01, 1.800000e+02
5.063454e+01, 1.800000e+02
4.961739e+01, 1.800000e+02
4.859343e+01, 1.800000e+02
4.756283e+01, 1.800000e+02
4.652580e+01, 1.800000e+02
4.548253e+01, 1.800000e+02
4.443320e+01, 1.800000e+02
4.337800e+01, 1.800000e+02
4.231710e+01, 1.800000e+02
4.125070e+01, 1.800000e+02
4.017897e+01, 1.800000e+02
3.910208e+01, 1.800000e+02
3.802022e+01, 1.800000e+02
3.693354e+01, 1.800000e+02
3.584223e+01, 1.800000e+02
3.474644e+01, 1.800000e+02
3.364634e+01, 1.800000e+02
3.254210e+01, 1.800000e+02
3.143386e+01, 1.800000e+02
3.032180e+01, 1.800000e+02
2.920606e+01, 1.800000e+02
2.808680e+01, 1.800000e+02
2.696417e+01, 1.800000e+02
2.583831e+01, 1.800000e+02
2.470937e+01, 1.800000e+02
2.357750e+01, 1.800000e+02
2.244283e+01, 1.800000e+02
2.130551e+01, 1.800000e+02
2.016567e+01, 1.800000e+02
1.902345e+01, 1.800000e+02
1.787898e+01, 1.800000e+02
1.673240e+01, 1.800000e+02
1.558382e+01, 1.800000e+02
1.443339e+01, 1.800000e+02
1.328123e+01, 1.800000e+02
1.212746e+01, 1.800000e+02
1.097220e+01, 1.800000e+02
9.815590e+00, 1.800000e+02
8.657737e+00, 1.800000e+02
7.498764e+00, 1.800000e+02
6.338791e+00, 1.800000e+02
5.177936e+00, 1.800000e+02
4.016315e+00, 1.800000e+02
2.854045e+00, 1.800000e+02
1.691242e+00, 1.800000e+02
5.280209e-01, 1.800000e+02
6.355036e-01, 0.000000e+00
1.799217e+00, 0.000000e+00
2.963005e+00, 0.000000e+00
4.126754e+00, 0.000000e+00
5.290350e+00, 0.000000e+00
6.453678e+00, 0.000000e+00
7.616625e+00, 0.000000e+00
8.779075e+00, 0.000000e+00
9.940915e+00, 0.000000e+00
1.110203e+01, 0.000000e+00
1.226230e+01, 0.000000e+00
1.342161e+01, 0.000000e+00
1.457984e+01, 0.000000e+00
1.573688e+01, 0.000000e+00
1.689261e+01, 0.000000e+00
1.804689e+01, 0.000000e+00
1.919963e+01, 0.000000e+00
2.035068e+01, 0.000000e+00
2.149992e+01, 0.000000e+00
2.264724e+01, 0.000000e+00
2.379250e+01, 0.000000e+00
2.493557e+01, 0.000000e+00
2.607633e+01, 0.000000e+00
2.721464e+01, 0.000000e+00
2.835036e+01, 0.000000e+00
2.948337e+01, 0.000000e+00
3.061352e+01, 0.000000e+00
3.174068e+01, 0.000000e+00
3.286470e+01, 0.000000e+00
3.398543e+01, 0.000000e+00
3.510274e+01, 0.000000e+00
3.621648e+01, 0.000000e+00
3.732649e+01, 0.000000e+00
3.843263e+01, 0.000000e+00
3.953473e+01, 0.000000e+00
4.063265e+01, 0.000000e+00
4.172622e+01, 0.000000e+00
4.281529e+01, 0.000000e+00
4.389968e+01, 0.000000e+00
4.497925e+01, 0.000000e+00
4.605381e+01, 0.000000e+00
4.712320e+01, 0.000000e+00
4.818725e+01, 0.000000e+00
4.924578e+01, 0.000000e+00
5.029862e+01, 0.000000e+00
5.134559e+01, 0.000000e+00
5.238651e+01, 0.000000e+00
5.342121e+01, 0.000000e+00
5.444949e+01, 0.000000e+00
5.547117e+01, 0.000000e+00
5.648607e+01, 0.000000e+00
5.749400e+01, 0.000000e+00
5.849476e+01, 0.000000e+00
5.948817e+01, 0.000000e+00
6.047404e+01, 0.000000e+00
6.145216e+01, 0.000000e+00
6.242235e+01, 0.000000e+00
6.338441e+01, 0.000000e+00
6.433814e+01, 0.000000e+00
6.528334e+01, 0.000000e+00
6.621982e+01, 0.000000e+00
6.714738e+01, 0.000000e+00
6.806581e+01, 0.000000e+00
6.897492e+01, 0.000000e+00
6.987451e+01, 0.000000e+00
7.076438e+01, 0.000000e+00
7.164432e+01, 0.000000e+00
7.251414e+01, 0.000000e+00
7.337364e+01, 0.000000e+00
7.422262e+01, 0.000000e+00
7.506087e+01, 0.000000e+00
7.588822e+01, 0.000000e+00
7.670445e+01, 0.000000e+00
7.750937e+01, 0.000000e+00
7.830280e+01, 0.000000e+00
7.908453e+01, 0.000000e+00
7.985438e+01, 0.000000e+00
8.061215e+01, 0.000000e+00
8.135767e+01, 0.000000e+00
8.209074e+01, 0.000000e+00
8.281119e+01, 0.000000e+00
8.351884e+01, 0.000000e+00
8.421350e+01, 0.000000e+00
8.489501e+01, 0.000000e+00
8.556319e+01, 0.000000e+00
8.621788e+01, 0.000000e+00
8.685891e+01, 0.000000e+00
8.748612e+01, 0.000000e+00
8.809936e+01, 0.000000e+00
8.869847e+01, 0.000000e+00
8.928330e+01, 0.000000e+00
8.985371e+01, 0.000000e+00
9.040955e+01, 0.000000e+00
9.095070e+01, 0.000000e+00
9.147701e+01, 0.000000e+00
9.198838e+01, 0.000000e+00
9.248466e+01, 0.000000e+00
9.296575e+01, 0.000000e+00
9.343154e+01, 0.000000e+00
9.388191e+01, 0.000000e+00
9.431678e+01, 0.000000e+00
9.473604e+01, 0.000000e+00
9.513962e+01, 0.000000e+00
9.552741e+01, 0.000000e+00
9.589936e+01, 0.000000e+00
9.625539e+01, 0.000000e+00
9.659543e+01, 0.000000e+00
9.691944e+01, 0.000000e+00
9.722735e+01, 0.000000e+00
9.751912e+01, 0.000000e+00
9.779472e+01, 0.000000e+00
9.805412e+01, 0.000000e+00
9.829729e+01, 0.000000e+00
9.852421e+01, 0.000000e+00
9.873488e+01, 0.000000e+00
9.892930e+01, 0.000000e+00
9.910745e+01, 0.000000e+00
9.926937e+01, 0.000000e+00
9.941506e+01, 0.000000e+00
9.954456e+01, 0.000000e+00
9.965789e+01, 0.000000e+00
9.975510e+01, 0.000000e+00
9.983623e+01, 0.000000e+00
9.990134e+01, 0.000000e+00
9.995049e+01, 0.000000e+00
9.998375e+01, 0.000000e+00
1.000012e+02, 0.000000e+00
1.000029e+02, 0.000000e+00
9.998901e+01, 0.000000e+00
9.995956e+01, 0.000000e+00
9.991468e+01, 0.000000e+00
9.985448e+01, 0.000000e+00
9.977908e+01, 0.000000e+00
9.968861e+01, 0.000000e+00
9.958321e+01, 0.000000e+00
9.946301e+01, 0.000000e+00
9.932816e+01, 0.000000e+00
9.917882e+01, 0.000000e+00
9.901515e+01, 0.000000e+00
9.883732e+01, 0.000000e+00
9.864550e+01, 0.000000e+00
9.843987e+01, 0.000000e+00
9.822063e+01, 0.000000e+00
9.798796e+01, 0.000000e+00
9.774206e+01, 0.000000e+00
9.748314e+01, 0.000000e+00
9.721141e+01, 0.000000e+00
9.692709e+01, 0.000000e+00
9.663040e+01, 0.000000e+00
9.632156e+01, 0.000000e+00
9.600081e+01, 0.000000e+00
9.566840e+01, 0.000000e+00
9.532455e+01, 0.000000e+00
9.496952e+01, 0.000000e+00
9.460356e+01, 0.000000e+00
9.422693e+01, 0.000000e+00
9.383988e+01, 0.000000e+00
9.344269e+01, 0.000000e+00
9.303562e+01, 0.000000e+00
9.261894e+01, 0.000000e+00
9.219293e+01, 0.000000e+00
9.175787e+01, 0.000000e+00
9.131404e+01, 0.000000e+00
9.086173e+01, 0.000000e+00
9.040122e+01, 0.000000e+00
8.993280e+01, 0.000000e+00
8.945677e+01, 0.000000e+00
8.897343e+01, 0.000000e+00
8.848306e+01, 0.000000e+00
8.798597e+01, 0.000000e+00
8.748245e+01, 0.000000e+00
8.697282e+01, 0.000000e+00
8.645737e+01, 0.000000e+00
8.593640e+01, 0.000000e+00
8.541022e+01, 0.000000e+00
8.487913e+01, 0.000000e+00
8.434345e+01, 0.000000e+00
8.380347e+01, 0.000000e+00
8.325949e+01, 0.000000e+00
8.271183e+01, 0.000000e+00
8.216079e+01, 0.000000e+00
8.160668e+01, 0.000000e+00
8.104978e+01, 0.000000e+00
8.049042e+01, 0.000000e+00
7.992888e+01, 0.000000e+00
7.936547e+01, 0.000000e+00
7.880048e+01, 0.000000e+00
7.823421e+01, 0.000000e+00
7.766695e+01, 0.000000e+00
7.709900e+01, 0.000000e+00
7.653064e+01, 0.000000e+00
7.596217e+01, 0.000000e+00
7.539386e+01, 0.000000e+00
7.482599e+01, 0.000000e+00
7.425885e+01, 0.000000e+00
7.369270e+01, 0.000000e+00
7.312783e+01, 0.000000e+00
7.256449e+01, 0.000000e+00
7.200296e+01, 0.000000e+00
7.144350e+01, 0.000000e+00
7.088635e+01, 0.000000e+00
7.033178e+01, 0.000000e+00
6.978003e+01, 0.000000e+00
6.923135e+01, 0.000000e+00
6.868598e+01, 0.000000e+00
6.814415e+01, 0.000000e+00
6.760610e+01, 0.000000e+00
6.707204e+01, 0.000000e+00
6.654221e+01, 0.000000e+00
6.601682e+01, 0.000000e+00
6.549608e+01, 0.000000e+00
6.498019e+01, 0.000000e+00
6.446936e+01, 0.000000e+00
6.396379e+01, 0.000000e+00
6.346366e+01, 0.000000e+00
6.296916e+01, 0.000000e+00
6.248047e+01, 0.000000e+00
6.199776e+01, 0.000000e+00
6.152121e+01, 0.000000e+00
6.105097e+01, 0.000000e+00
6.058720e+01, 0.000000e+00
6.013006e+01, 0.000000e+00
5.967968e+01, 0.000000e+00
5.923622e+01, 0.000000e+00
5.879980e+01, 0.000000e+00
5.837055e+01, 0.000000e+00
5.794860e+01, 0.000000e+00
5.753406e+01, 0.000000e+00
5.712705e+01, 0.000000e+00
5.672766e+01, 0.000000e+00
5.633599e+01, 0.000000e+00
5.595215e+01, 0.000000e+00
5.557622e+01, 0.000000e+00
5.520827e+01, 0.000000e+00
5.484839e+01, 0.000000e+00
5.449664e+01, 0.000000e+00
5.415309e+01, 0.000000e+00
5.381780e+01, 0.000000e+00
5.349082e+01, 0.000000e+00
5.317220e+01, 0.000000e+00
5.286197e+01, 0.000000e+00
5.256018e+01, 0.000000e+00
5.226686e+01, 0.000000e+00
5.198202e+01, 0.000000e+00
5.170570e+01, 0.000000e+00
5.143790e+01, 0.000000e+00
5.117863e+01, 0.000000e+00
5.092789e+01, 0.000000e+00
5.068569e+01, 0.000000e+00
5.045202e+01, 0.000000e+00
5.022686e+01, 0.000000e+00
5.001021e+01, 0.000000e+00
4.980203e+01, 0.000000e+00
4.960230e+01, 0.000000e+00
4.941099e+01, 0.000000e+00
4.922806e+01, 0.000000e+00
4.905348e+01, 0.000000e+00
4.888720e+01, 0.000000e+00
4.872917e+01, 0.000000e+00
4.857933e+01, 0.000000e+00
4.843763e+01, 0.000000e+00
4.830401e+01, 0.000000e+00
4.817839e+01, 0.000000e+00
4.806072e+01, 0.000000e+00
4.795092e+01, 0.000000e+00
4.784890e+01, 0.000000e+00
4.775459e+01, 0.000000e+00
4.766791e+01, 0.000000e+00
4.758876e+01, 0.000000e+00
4.751706e+01, 0.000000e+00
4.745271e+01, 0.000000e+00
4.739561e+01, 0.000000e+00
4.734566e+01, 0.000000e+00
4.730276e+01, 0.000000e+00
4.726680e+01, 0.000000e+00
4.723767e+01, 0.000000e+00
4.721526e+01, 0.000000e+00
4.719946e+01, 0.000000e+00
4.719014e+01, 0.000000e+00
4.718719e+01, 0.000000e+00
4.719050e+01, 0.000000e+00
4.719992e+01, 0.000000e+00
4.721535e+01, 0.000000e+00
4.723664e+01, 0.000000e+00
4.726368e+01, 0.000000e+00
4.729633e+01, 0.000000e+00
4.733446e+01, 0.000000e+00
4.737792e+01, 0.000000e+00
4.742660e+01, 0.000000e+00
4.748035e+01, 0.000000e+00
4.753903e+01, 0.000000e+00
4.760250e+01, 0.000000e+00
4.767063e+01, 0.000000e+00
4.774326e+01, 0.000000e+00
4.782027e+01, 0.000000e+00
4.790150e+01, 0.000000e+00
4.798681e+01, 0.000000e+00
4.807606e+01, 0.000000e+00
4.816910e+01, 0.000000e+00
4.826578e+01, 0.000000e+00
4.836597e+01, 0.000000e+00
4.846951e+01, 0.000000e+00
4.857626e+01, 0.000000e+00
4.868607e+01, 0.000000e+00
4.879879e+01, 0.000000e+00
4.891428e+01, 0.000000e+00
4.903240e+01, 0.000000e+00
4.915299e+01, 0.000000e+00
4.927591e+01, 0.000000e+00
4.940101e+01, 0.000000e+00
4.952816e+01, 0.000000e+00
4.965720e+01, 0.000000e+00
4.978798e+01, 0.000000e+00
4.992038e+01, 0.000000e+00
5.005424e+01, 0.000000e+00
5.018942e+01, 0.000000e+00
5.032578e+01, 0.000000e+00
5.046318e+01, 0.000000e+00
5.060148e+01, 0.000000e+00
5.074054e+01, 0.000000e+00
5.088022e+01, 0.000000e+00
5.102039e+01, 0.000000e+00
5.116091e+01, 0.000000e+00
5.130165e+01, 0.000000e+00
5.144247e+01, 0.000000e+00
5.158324e+01, 0.000000e+00
5.172384e+01, 0.000000e+00
5.186413e+01, 0.000000e+00
5.200398e+01, 0.000000e+00
5.214327e+01, 0.000000e+00
5.228187e+01, 0.000000e+00
5.241966e+01, 0.000000e+00
5.255652e+01, 0.000000e+00
5.269233e+01, 0.000000e+00
5.282697e+01, 0.000000e+00
5.296032e+01, 0.000000e+00
5.309227e+01, 0.000000e+00
5.322271e+01, 0.000000e+00
5.335151e+01, 0.000000e+00
5.347858e+01, 0.000000e+00
5.360381e+01, 0.000000e+00
5.372708e+01, 0.000000e+00
5.384830e+01, 0.000000e+00
5.396736e+01, 0.000000e+00
5.408416e+01, 0.000000e+00
5.419860e+01, 0.000000e+00
5.431059e+01, 0.000000e+00
5.442004e+01, 0.000000e+00
5.452684e+01, 0.000000e+00
5.463091e+01, 0.000000e+00
5.473217e+01, 0.000000e+00
5.483051e+01, 0.000000e+00
5.492587e+01, 0.000000e+00
5.501815e+01, 0.000000e+00
5.510728e+01, 0.000000e+00
5.519319e+01, 0.000000e+00
5.527578e+01, 0.000000e+00
5.535499e+01, 0.000000e+00
5.543075e+01, 0.000000e+00
5.550299e+01, 0.000000e+00
5.557164e+01, 0.000000e+00
5.563663e+01, 0.000000e+00
5.569791e+01, 0.000000e+00
5.575541e+01, 0.000000e+00
5.580907e+01, 0.000000e+00
5.585883e+01, 0.000000e+00
5.590464e+01, 0.000000e+00
5.594645e+01, 0.000000e+00
5.598421e+01, 0.000000e+00
5.601787e+01, 0.000000e+00
5.604738e+01, 0.000000e+00
5.607271e+01, 0.000000e+00
5.609380e+01, 0.000000e+00
5.611061e+01, 0.000000e+00
5.612312e+01, 0.000000e+00
5.613129e+01, 0.000000e+00
5.613507e+01, 0.000000e+00
5.613445e+01, 0.000000e+00
5.612939e+01, 0.000000e+00
5.611986e+01, 0.000000e+00
5.610585e+01, 0.000000e+00
5.608732e+01, 0.000000e+00
5.606425e+01, 0.000000e+00
5.603664e+01, 0.000000e+00
5.600445e+01, 0.000000e+00
5.596768e+01, 0.000000e+00
5.592631e+01, 0.000000e+00
5.588034e+01, 0.000000e+00
5.582975e+01, 0.000000e+00
5.577454e+01, 0.000000e+00
5.571469e+01, 0.000000e+00
5.565022e+01, 0.000000e+00
5.558112e+01, 0.000000e+00
5.550738e+01, 0.000000e+00
5.542901e+01, 0.000000e+00
5.534602e+01, 0.000000e+00
5.525841e+01, 0.000000e+00
5.516619e+01, 0.000000e+00
5.506937e+01, 0.000000e+00
5.496796e+01, 0.000000e+00
5.486198e+01, 0.000000e+00
5.475143e+01, 0.000000e+00
5.463634e+01, 0.000000e+00
5.451673e+01, 0.000000e+00
5.439261e+01, 0.000000e+00
5.426400e+01, 0.000000e+00
5.413094e+01, 0.000000e+00
5.399344e+01, 0.000000e+00
5.385153e+01, 0.000000e+00
5.370524e+01, 0.000000e+00
5.355460e+01, 0.000000e+00
5.339964e+01, 0.000000e+00
5.324038e+01, 0.000000e+00
5.307688e+01, 0.000000e+00
5.290915e+01, 0.000000e+00
5.273724e+01, 0.000000e+00
5.256118e+01, 0.000000e+00
5.238102e+01, 0.000000e+00
5.219679e+01, 0.000000e+00
5.200854e+01, 0.000000e+00
5.181630e+01, 0.000000e+00
5.162013e+01, 0.000000e+00
5.142006e+01, 0.000000e+00
5.121615e+01, 0.000000e+00
5.100843e+01, 0.000000e+00
5.079697e+01, 0.000000e+00
5.058181e+01, 0.000000e+00
5.036299e+01, 0.000000e+00
5.014058e+01, 0.000000e+00
4.991462e+01, 0.000000e+00
4.968517e+01, 0.000000e+00
4.945228e+01, 0.000000e+00
4.921601e+01, 0.000000e+00
4.897640e+01, 0.000000e+00
4.873353e+01, 0.000000e+00
4.848745e+01, 0.000000e+00
4.823821e+01, 0.000000e+00
4.798587e+01, 0.000000e+00
4.773050e+01, 0.000000e+00
4.747215e+01, 0.000000e+00
4.721089e+01, 0.000000e+00
4.694677e+01, 0.000000e+00
4.667986e+01, 0.000000e+00
4.641023e+01, 0.000000e+00
4.613793e+01, 0.000000e+00
4.586303e+01, 0.000000e+00
4.558559e+01, 0.000000e+00
4.530567e+01, 0.000000e+00
4.502335e+01, 0.000000e+00
4.473869e+01, 0.000000e+00
4.445175e+01, 0.000000e+00
4.416260e+01, 0.000000e+00
4.387130e+01, 0.000000e+00
4.357792e+01, 0.000000e+00
4.328253e+01, 0.000000e+00
4.298519e+01, 0.000000e+00
4.268597e+01, 0.000000e+00
4.238494e+01, 0.000000e+00
4.208217e+01, 0.000000e+00
4.177771e+01, 0.000000e+00
4.147165e+01, 0.000000e+00
4.116404e+01, 0.000000e+00
4.085495e+01, 0.000000e+00
4.054446e+01, 0.000000e+00
4.023262e+01, 0.000000e+00
3.991950e+01, 0.000000e+00
3.960518e+01, 0.000000e+00
3.928971e+01, 0.000000e+00
3.897317e+01, 0.000000e+00
3.865561e+01, 0.000000e+00
3.833711e+01, 0.000000e+00
3.801774e+01, 0.000000e+00
3.769755e+01, 0.000000e+00
3.737661e+01, 0.000000e+00
3.705499e+01, 0.000000e+00
3.673275e+01, 0.000000e+00
3.640996e+01, 0.000000e+00
3.608667e+01, 0.000000e+00
3.576296e+01, 0.000000e+00
3.543889e+01, 0.000000e+00
3.511451e+01, 0.000000e+00
3.478990e+01, 0.000000e+00
3.446510e+01, 0.000000e+00
3.414019e+01, 0.000000e+00
3.381523e+01, 0.000000e+00
3.349026e+01, 0.000000e+00
3.316536e+01, 0.000000e+00
3.284059e+01, 0.000000e+00
3.251599e+01, 0.000000e+00
3.219163e+01, 0.000000e+00
3.186756e+01, 0.000000e+00
3.154385e+01, 0.000000e+00
3.122054e+01, 0.000000e+00
3.089769e+01, 0.000000e+00
3.057537e+01, 0.000000e+00
3.025361e+01, 0.000000e+00
2.993247e+01, 0.000000e+00
2.961201e+01, 0.000000e+00
2.929228e+01, 0.000000e+00
2.897332e+01, 0.000000e+00
2.865519e+01, 0.000000e+00
2.833794e+01, 0.000000e+00
2.802161e+01, 0.000000e+00
2.770626e+01, 0.000000e+00
2.739192e+01, 0.000000e+00
2.707866e+01, 0.000000e+00
2.676650e+01, 0.000000e+00
2.645550e+01, 0.000000e+00
2.614570e+01, 0.000000e+00
2.583714e+01, 0.000000e+00
2.552986e+01, 0.000000e+00
2.522391e+01, 0.000000e+00
2.491932e+01, 0.000000e+00
2.461614e+01, 0.000000e+00
2.431440e+01, 0.000000e+00
2.401414e+01, 0.000000e+00
2.371540e+01, 0.000000e+00
2.341822e+01, 0.000000e+00
2.312262e+01, 0.000000e+00
2.282865e+01, 0.000000e+00
2.253633e+01, 0.000000e+00
2.224570e+01, 0.000000e+00
2.195678e+01, 0.000000e+00
2.166962e+01, 0.000000e+00
2.138425e+01, 0.000000e+00
2.110067e+01, 0.000000e+00
2.081894e+01, 0.000000e+00
2.053907e+01, 0.000000e+00
2.026110e+01, 0.000000e+00
1.998503e+01, 0.000000e+00
1.971091e+01, 0.000000e+00
1.943876e+01, 0.000000e+00
1.916859e+01, 0.000000e+00
1.890043e+01, 0.000000e+00
1.863430e+01, 0.000000e+00
1.837022e+01, 0.000000e+00
1.810821e+01, 0.000000e+00
1.784828e+01, 0.000000e+00
1.759047e+01, 0.000000e+00
1.733478e+01, 0.000000e+00
1.708122e+01, 0.000000e+00
1.682982e+01, 0.000000e+00
1.658059e+01, 0.000000e+00
1.633354e+01, 0.000000e+00
1.608868e+01, 0.000000e+00
1.584604e+01, 0.000000e+00
1.560561e+01, 0.000000e+00
1.536740e+01, 0.000000e+00
1.513144e+01, 0.000000e+00
1.489772e+01, 0.000000e+00
1.466626e+01, 0.000000e+00
1.443706e+01, 0.000000e+00
1.421013e+01, 0.000000e+00
1.398548e+01, 0.000000e+00
1.376310e+01, 0.000000e+00
1.354301e+01, 0.000000e+00
1.332521e+01, 0.000000e+00
1.310970e+01, 0.000000e+00
1.289648e+01, 0.000000e+00
1.268556e+01, 0.000000e+00
1.247694e+01, 0.000000e+00
1.227061e+01, 0.000000e+00
1.206658e+01, 0.000000e+00
1.186485e+01, 0.000000e+00
1.166541e+01, 0.000000e+00
1.146827e+01, 0.000000e+00
1.127341e+01, 0.000000e+00
1.108085e+01, 0.000000e+00
1.089056e+01, 0.000000e+00
1.070256e+01, 0.000000e+00
1.051683e+01, 0.000000e+00
1.033336e+01, 0.000000e+00
1.015216e+01, 0.000000e+00
9.973219e+00, 0.000000e+00
9.796524e+00, 0.000000e+00
9.622071e+00, 0.000000e+00
##END= 
